PLANT: 2
N:	71
vehicle:	10
qnum:	3
capacity:	100
number	DEMAND	READY_TIME	DUE_DATE	SERVICE_TIME
depot	0	0	600	0
STATION
1		38	216	336	10
2		35	454	574	10
3		33	20	260	10
4		21	301	541	10
5		21	220	340	10
6		29	305	545	10
7		28	188	308	10
8		20	387	507	10
9		22	233	353	10
10		27	324	444	10
11		28	140	320	10
12		28	277	397	10
13		31	89	329	10
14		29	220	340	10
15		29	113	293	10
16		38	2	242	10
17		38	308	548	10
18		21	271	511	10
19		20	232	412	10
20		38	6	186	10
21		36	83	203	10
22		20	219	339	10
23		31	94	214	10
24		22	68	308	10
25		24	323	563	10
26		23	283	523	10
27		26	143	383	10
28		35	298	418	10
29		30	108	288	10
30		22	171	291	10
31		34	9	249	10
32		24	223	403	10
33		30	123	243	10
34		26	35	275	10
35		22	374	494	10
36		36	440	560	10
37		33	338	578	10
38		24	277	517	10
39		24	127	247	10
40		30	64	244	10
41		23	137	317	10
42		21	21	261	10
43		38	394	574	10
44		32	335	455	10
45		26	166	406	10
46		29	256	376	10
47		25	64	184	10
48		32	91	211	10
49		26	265	505	10
50		36	138	378	10
51		27	122	362	10
52		28	127	367	10
53		34	284	524	10
54		35	158	278	10
55		25	41	221	10
56		34	21	261	10
57		36	398	518	10
58		22	139	259	10
59		36	333	453	10
60		27	247	427	10
61		37	322	562	10
62		34	387	507	10
63		22	97	337	10
64		37	242	422	10
65		24	180	360	10
66		22	203	323	10
67		20	9	129	10
68		38	224	464	10
69		21	233	413	10
70		39	129	249	10
MARTRIX
0.0	18.0	17.3	18.2	24.5	23.5	16.4	12.3	17.1	12.1	22.1	10.3	16.0	10.4	10.1	11.9	17.8	9.3	9.6	12.0	13.8	6.7	6.6	9.9	10.3	12.1	7.3	8.3	11.3	21.2	21.7	11.5	17.3	15.2	12.9	12.4	17.2	14.0	10.8	16.1	9.5	10.0	25.0	6.9	9.4	10.9	14.7	15.1	8.4	18.9	16.5	16.6	10.0	12.0	19.5	14.6	16.5	13.4	13.8	16.1	19.8	20.7	17.1	19.9	18.3	22.0	20.4	21.9	22.8	25.9	29.8	
18.0	0.0	1.2	2.1	13.5	13.3	5.5	6.1	7.9	5.9	14.6	11.9	9.7	7.5	7.9	8.6	12.6	8.9	9.1	9.7	10.7	11.9	12.0	10.5	11.2	13.0	17.3	18.2	13.2	30.3	20.2	14.5	27.3	16.8	15.8	23.7	27.9	16.9	23.0	18.4	23.6	24.6	37.1	23.8	25.4	26.5	29.2	30.0	25.5	33.0	31.7	33.0	28.1	29.8	35.8	32.2	33.6	31.4	31.9	34.1	37.4	38.1	35.2	37.5	36.3	39.5	38.2	39.5	40.6	43.9	47.9	
17.3	1.2	0.0	3.2	14.6	14.4	6.2	5.2	8.7	5.3	15.5	10.7	10.3	7.0	7.2	8.6	13.3	8.4	8.7	9.8	11.0	11.0	11.1	10.5	11.2	13.2	16.2	17.1	13.3	29.0	20.9	14.6	26.1	17.1	16.0	22.6	26.7	17.2	21.9	18.8	22.6	23.6	35.9	22.9	24.4	25.5	28.2	28.9	24.6	31.9	30.6	32.0	27.4	29.0	34.8	31.3	32.7	30.6	31.2	33.3	36.5	37.2	34.5	36.7	35.5	38.6	37.4	38.6	39.7	43.1	47.2	
18.2	2.1	3.2	0.0	11.4	11.2	3.8	7.1	6.0	6.2	12.5	13.2	7.9	7.8	8.2	7.7	10.7	8.9	8.8	8.6	9.2	12.5	12.6	9.8	10.3	11.7	18.3	19.3	12.0	31.8	18.3	13.3	28.7	15.2	14.5	25.0	29.3	15.5	24.1	16.8	24.6	25.5	38.4	24.4	26.1	27.3	30.2	30.9	26.1	34.2	32.6	33.8	28.2	30.2	36.6	32.6	34.3	31.7	32.0	34.4	37.9	38.7	35.4	38.0	36.6	40.0	38.6	40.0	41.0	44.2	47.9	
24.5	13.5	14.6	11.4	0.0	1.1	9.6	17.2	7.7	15.5	4.1	23.4	8.4	16.2	16.9	12.8	7.3	16.3	15.6	12.5	10.7	21.0	21.1	14.5	14.1	12.9	27.3	28.5	13.8	42.0	11.4	14.3	38.5	12.9	14.0	34.2	38.9	14.1	33.1	13.8	32.9	33.7	47.9	31.4	33.7	35.1	38.6	39.1	32.9	42.8	40.7	41.2	33.3	36.1	44.0	38.9	40.9	37.3	36.8	39.7	44.0	44.9	40.3	43.9	41.8	46.3	44.4	46.1	46.7	49.0	51.7	
23.5	13.3	14.4	11.2	1.1	0.0	9.1	16.7	7.0	14.9	3.0	22.8	7.5	15.6	16.2	12.0	6.2	15.6	14.8	11.6	9.7	20.3	20.4	13.6	13.1	11.9	26.6	27.8	12.7	41.4	10.4	13.2	37.9	11.8	12.9	33.5	38.2	13.0	32.3	12.7	32.1	32.9	47.2	30.5	32.8	34.2	37.8	38.3	31.9	41.9	39.8	40.2	32.3	35.1	43.1	37.9	40.0	36.3	35.8	38.7	42.9	43.9	39.3	42.9	40.8	45.3	43.3	45.1	45.7	47.9	50.6	
16.4	5.5	6.2	3.8	9.6	9.1	0.0	7.5	2.5	5.8	9.6	13.7	4.1	6.8	7.3	4.7	7.1	7.2	6.8	5.3	5.5	11.7	11.8	6.9	7.1	8.1	17.9	19.1	8.5	32.4	14.7	9.7	29.0	11.4	10.8	24.8	29.4	11.8	23.8	13.0	23.8	24.7	38.5	23.0	25.0	26.3	29.6	30.2	24.6	33.6	31.8	32.6	26.1	28.4	35.5	31.0	32.8	29.8	29.8	32.4	36.2	37.1	33.3	36.3	34.6	38.4	36.8	38.3	39.2	42.1	45.5	
12.3	6.1	5.2	7.1	17.2	16.7	7.5	0.0	9.8	1.9	16.9	6.2	10.4	2.8	2.6	6.7	13.5	4.3	5.1	8.0	10.0	5.8	5.9	7.5	8.5	11.1	11.2	12.2	10.9	24.9	20.7	12.2	21.7	15.6	13.9	17.8	22.2	15.3	17.0	17.2	17.5	18.5	31.4	17.7	19.2	20.3	23.1	23.9	19.4	27.0	25.6	26.9	22.3	23.8	29.6	26.1	27.5	25.4	26.1	28.1	31.3	32.0	29.3	31.5	30.3	33.3	32.2	33.4	34.5	38.0	42.1	
17.1	7.9	8.7	6.0	7.7	7.0	2.5	9.8	0.0	7.9	7.1	15.8	2.0	8.5	9.1	5.2	4.6	8.5	7.8	5.1	4.2	13.2	13.3	7.1	7.0	7.0	19.6	20.7	7.6	34.3	12.3	8.6	30.8	9.5	9.3	26.5	31.2	10.1	25.3	11.1	25.2	26.0	40.1	23.9	26.1	27.4	30.9	31.4	25.4	35.0	33.0	33.6	26.4	28.9	36.5	31.6	33.6	30.3	30.1	32.8	36.8	37.7	33.6	36.8	34.9	39.1	37.3	39.0	39.7	42.3	45.5	
12.1	5.9	5.3	6.2	15.5	14.9	5.8	1.9	7.9	0.0	15.0	7.8	8.5	1.7	2.0	4.7	11.6	3.1	3.6	6.0	8.0	6.2	6.4	5.8	6.8	9.3	12.2	13.3	9.1	26.5	18.7	10.4	23.1	13.7	12.1	19.0	23.6	13.4	18.1	15.3	18.4	19.3	32.7	18.1	19.9	21.0	24.1	24.7	19.8	28.1	26.4	27.5	22.2	24.0	30.3	26.4	28.0	25.5	26.0	28.2	31.6	32.4	29.3	31.8	30.4	33.8	32.4	33.7	34.8	38.0	42.0	
22.1	14.6	15.5	12.5	4.1	3.0	9.6	16.9	7.1	15.0	0.0	22.7	6.7	15.3	15.9	11.3	4.3	15.0	14.1	10.5	8.4	19.7	19.8	12.5	11.8	10.0	26.0	27.2	10.9	41.0	7.4	11.1	37.3	9.1	10.5	32.8	37.6	10.4	31.5	9.8	31.1	31.8	46.4	29.1	31.5	33.0	36.7	37.1	30.5	40.9	38.6	38.8	30.4	33.3	41.6	36.2	38.3	34.5	33.7	36.7	41.1	42.2	37.2	41.0	38.8	43.5	41.4	43.3	43.8	45.7	48.3	
10.3	11.9	10.7	13.2	23.4	22.8	13.7	6.2	15.8	7.8	22.7	0.0	16.0	7.4	6.8	11.6	19.0	8.0	9.0	12.7	15.0	4.5	4.5	11.4	12.4	15.2	5.8	6.4	14.7	18.7	25.5	15.7	15.4	19.6	17.6	11.8	16.0	19.0	11.2	21.1	12.1	13.2	25.2	13.5	14.4	15.2	17.5	18.3	15.2	21.2	20.0	21.7	19.2	19.9	24.4	21.8	22.8	21.6	22.8	24.3	26.8	27.4	25.8	27.1	26.5	28.7	27.9	28.8	30.1	34.0	38.7	
16.0	9.7	10.3	7.9	8.4	7.5	4.1	10.4	2.0	8.5	6.7	16.0	0.0	8.6	9.2	4.6	3.1	8.3	7.4	4.0	2.4	13.0	13.1	6.1	5.7	5.1	19.3	20.5	5.8	34.2	10.6	6.7	30.6	7.4	7.2	26.2	30.9	8.0	24.9	9.0	24.6	25.4	39.8	23.0	25.3	26.7	30.2	30.8	24.4	34.4	32.3	32.7	25.1	27.7	35.6	30.5	32.5	29.0	28.7	31.4	35.6	36.6	32.1	35.6	33.6	37.9	36.0	37.8	38.4	40.9	43.9	
10.4	7.5	7.0	7.8	16.2	15.6	6.8	2.8	8.5	1.7	15.3	7.4	8.6	0.0	0.6	4.3	11.6	1.5	2.3	5.5	7.7	4.9	5.0	4.7	5.8	8.4	11.1	12.3	8.1	25.7	18.3	9.4	22.3	12.9	11.2	18.0	22.6	12.5	17.0	14.5	17.1	18.0	31.7	16.6	18.4	19.6	22.8	23.4	18.2	26.8	25.1	26.1	20.5	22.3	28.9	24.8	26.4	23.9	24.3	26.6	30.0	30.9	27.6	30.2	28.8	32.2	30.8	32.1	33.2	36.4	40.3	
10.1	7.9	7.2	8.2	16.9	16.2	7.3	2.6	9.1	2.0	15.9	6.8	9.2	0.6	0.0	4.8	12.2	1.7	2.6	6.0	8.2	4.3	4.5	5.1	6.2	8.9	10.5	11.7	8.5	25.1	18.9	9.8	21.6	13.4	11.6	17.4	22.0	12.9	16.4	15.0	16.5	17.4	31.1	16.1	17.9	19.1	22.2	22.9	17.8	26.3	24.5	25.6	20.2	21.9	28.4	24.4	26.0	23.5	24.0	26.2	29.6	30.4	27.3	29.7	28.4	31.7	30.4	31.7	32.7	36.0	40.0	
11.9	8.6	8.6	7.7	12.8	12.0	4.7	6.7	5.2	4.7	11.3	11.6	4.6	4.3	4.8	0.0	7.3	3.7	2.8	1.3	3.3	8.3	8.4	2.2	2.6	4.6	14.6	15.8	4.6	29.6	14.0	5.9	26.0	8.9	7.5	21.5	26.3	8.8	20.3	10.6	20.0	20.8	35.2	18.7	20.9	22.2	25.7	26.3	20.2	29.9	27.8	28.4	21.4	23.8	31.3	26.5	28.4	25.2	25.1	27.7	31.7	32.6	28.6	31.7	29.9	34.0	32.2	33.8	34.6	37.4	40.8	
17.8	12.6	13.3	10.7	7.3	6.2	7.1	13.5	4.6	11.6	4.3	19.0	3.1	11.6	12.2	7.3	0.0	11.0	10.1	6.4	4.2	15.6	15.7	8.3	7.6	5.8	21.8	23.1	6.6	36.9	7.6	7.0	33.2	5.9	6.7	28.6	33.5	6.9	27.3	7.2	26.8	27.5	42.2	24.8	27.2	28.7	32.4	32.8	26.2	36.6	34.3	34.5	26.2	29.0	37.3	31.9	34.0	30.2	29.6	32.5	36.9	37.9	33.1	36.8	34.6	39.3	37.2	39.0	39.6	41.7	44.4	
9.3	8.9	8.4	8.9	16.3	15.6	7.2	4.3	8.5	3.1	15.0	8.0	8.3	1.5	1.7	3.7	11.0	0.0	1.0	4.6	6.9	4.6	4.8	3.4	4.5	7.3	11.0	12.2	6.9	25.9	17.4	8.0	22.3	11.8	9.9	17.9	22.6	11.2	16.7	13.3	16.6	17.5	31.6	15.8	17.7	19.0	22.4	22.9	17.4	26.5	24.6	25.4	19.3	21.3	28.2	23.8	25.6	22.8	23.1	25.5	29.1	29.9	26.5	29.2	27.7	31.3	29.8	31.2	32.2	35.2	39.0	
9.6	9.1	8.7	8.8	15.6	14.8	6.8	5.1	7.8	3.6	14.1	9.0	7.4	2.3	2.6	2.8	10.1	1.0	0.0	3.7	5.9	5.5	5.6	2.5	3.5	6.3	11.8	13.0	5.9	26.8	16.4	7.1	23.2	10.8	8.9	18.7	23.5	10.3	17.5	12.3	17.3	18.1	32.3	16.2	18.3	19.6	23.0	23.6	17.8	27.1	25.1	25.8	19.4	21.6	28.7	24.2	26.0	23.0	23.2	25.7	29.4	30.3	26.6	29.5	27.8	31.6	30.0	31.5	32.4	35.4	39.1	
12.0	9.7	9.8	8.6	12.5	11.6	5.3	8.0	5.1	6.0	10.5	12.7	4.0	5.5	6.0	1.3	6.4	4.6	3.7	0.0	2.2	9.1	9.3	2.0	1.9	3.3	15.4	16.6	3.4	30.5	12.8	4.7	26.8	7.6	6.2	22.2	27.1	7.5	20.9	9.3	20.5	21.3	35.8	18.9	21.2	22.6	26.2	26.7	20.4	30.4	28.2	28.7	21.3	23.8	31.5	26.5	28.5	25.1	24.9	27.6	31.7	32.6	28.4	31.7	29.8	34.0	32.2	33.8	34.6	37.2	40.4	
13.8	10.7	11.0	9.2	10.7	9.7	5.5	10.0	4.2	8.0	8.4	15.0	2.4	7.7	8.2	3.3	4.2	6.9	5.9	2.2	0.0	11.4	11.5	4.0	3.4	2.7	17.6	18.8	3.4	32.7	10.7	4.4	29.0	6.1	5.2	24.4	29.3	6.3	23.1	7.7	22.6	23.3	38.0	20.8	23.1	24.5	28.2	28.7	22.2	32.4	30.2	30.5	22.7	25.4	33.4	28.1	30.2	26.6	26.2	29.0	33.2	34.2	29.7	33.2	31.2	35.6	33.6	35.4	36.0	38.4	41.5	
6.7	11.9	11.0	12.5	21.0	20.3	11.7	5.8	13.2	6.2	19.7	4.5	13.0	4.9	4.3	8.3	15.6	4.6	5.5	9.1	11.4	0.0	0.1	7.5	8.4	11.1	6.3	7.5	10.5	21.3	21.5	11.4	17.6	15.4	13.2	13.2	18.0	14.6	12.1	16.8	12.1	13.1	26.9	11.9	13.6	14.7	17.9	18.5	13.6	21.9	20.2	21.2	16.5	18.0	24.0	20.3	21.7	19.6	20.3	22.3	25.5	26.2	23.5	25.7	24.5	27.6	26.3	27.6	28.7	32.1	36.4	
6.6	12.0	11.1	12.6	21.1	20.4	11.8	5.9	13.3	6.4	19.8	4.5	13.1	5.0	4.5	8.4	15.7	4.8	5.6	9.3	11.5	0.1	0.0	7.6	8.5	11.2	6.2	7.3	10.6	21.1	21.6	11.5	17.5	15.5	13.3	13.1	17.8	14.7	11.9	16.9	12.0	12.9	26.7	11.8	13.4	14.6	17.7	18.4	13.5	21.8	20.0	21.1	16.4	17.8	23.9	20.1	21.6	19.5	20.2	22.2	25.4	26.1	23.4	25.5	24.4	27.4	26.2	27.4	28.6	32.0	36.3	
9.9	10.5	10.5	9.8	14.5	13.6	6.9	7.5	7.1	5.8	12.5	11.4	6.1	4.7	5.1	2.2	8.3	3.4	2.5	2.0	4.0	7.5	7.6	0.0	1.0	3.8	13.6	14.8	3.4	28.7	14.0	4.6	25.0	8.3	6.4	20.3	25.2	7.8	19.0	9.8	18.5	19.3	33.9	16.9	19.2	20.6	24.2	24.7	18.4	28.4	26.2	26.6	19.3	21.8	29.5	24.5	26.5	23.1	23.0	25.6	29.6	30.6	26.5	29.7	27.8	32.0	30.2	31.8	32.6	35.2	38.6	
10.3	11.2	11.2	10.3	14.1	13.1	7.1	8.5	7.0	6.8	11.8	12.4	5.7	5.8	6.2	2.6	7.6	4.5	3.5	1.9	3.4	8.4	8.5	1.0	0.0	2.7	14.4	15.6	2.3	29.5	13.1	3.6	25.8	7.2	5.4	21.1	26.0	6.7	19.8	8.8	19.2	19.9	34.6	17.3	19.7	21.1	24.8	25.2	18.8	29.0	26.7	27.0	19.4	22.0	29.9	24.8	26.8	23.3	23.1	25.8	29.9	30.8	26.5	29.9	27.9	32.2	30.4	32.0	32.7	35.3	38.5	
12.1	13.0	13.2	11.7	12.9	11.9	8.1	11.1	7.0	9.3	10.0	15.2	5.1	8.4	8.9	4.6	5.8	7.3	6.3	3.3	2.7	11.1	11.2	3.8	2.7	0.0	16.9	18.2	0.8	32.1	10.3	1.6	28.3	4.4	2.8	23.5	28.4	4.1	22.1	6.1	21.4	22.0	36.9	19.1	21.6	23.0	26.8	27.2	20.4	31.1	28.7	28.7	20.4	23.2	31.6	26.1	28.2	24.4	23.9	26.7	31.1	32.1	27.3	31.0	28.8	33.5	31.4	33.2	33.8	36.0	38.9	
7.3	17.3	16.2	18.3	27.3	26.6	17.9	11.2	19.6	12.2	26.0	5.8	19.3	11.1	10.5	14.6	21.8	11.0	11.8	15.4	17.6	6.3	6.2	13.6	14.4	16.9	0.0	1.2	16.2	15.1	27.2	16.9	11.4	20.9	18.6	6.9	11.6	19.9	5.8	22.1	6.4	7.4	20.5	8.0	8.6	9.4	11.9	12.7	9.6	15.8	14.4	15.9	14.2	14.4	18.6	16.1	17.0	16.1	17.6	18.8	21.1	21.6	20.3	21.4	20.9	22.9	22.2	23.0	24.4	28.4	33.2	
8.3	18.2	17.1	19.3	28.5	27.8	19.1	12.2	20.7	13.3	27.2	6.4	20.5	12.3	11.7	15.8	23.1	12.2	13.0	16.6	18.8	7.5	7.3	14.8	15.6	18.2	1.2	0.0	17.4	13.9	28.4	18.1	10.1	22.1	19.8	5.7	10.4	21.1	4.8	23.3	5.7	6.8	19.4	8.0	8.2	8.8	11.0	11.8	9.5	14.8	13.5	15.3	14.4	14.3	17.9	15.8	16.6	16.0	17.6	18.7	20.7	21.2	20.2	21.0	20.7	22.4	21.8	22.5	24.0	28.1	33.0	
11.3	13.2	13.3	12.0	13.8	12.7	8.5	10.9	7.6	9.1	10.9	14.7	5.8	8.1	8.5	4.6	6.6	6.9	5.9	3.4	3.4	10.5	10.6	3.4	2.3	0.8	16.2	17.4	0.0	31.3	11.0	1.3	27.5	4.9	3.0	22.7	27.7	4.3	21.3	6.4	20.5	21.1	36.0	18.2	20.7	22.2	26.0	26.4	19.5	30.2	27.8	27.8	19.5	22.4	30.7	25.2	27.3	23.6	23.0	25.9	30.2	31.2	26.5	30.1	28.0	32.6	30.5	32.4	32.9	35.2	38.1	
21.2	30.3	29.0	31.8	42.0	41.4	32.4	24.9	34.3	26.5	41.0	18.7	34.2	25.7	25.1	29.6	36.9	25.9	26.8	30.5	32.7	21.3	21.1	28.7	29.5	32.1	15.1	13.9	31.3	0.0	42.3	31.9	3.9	35.9	33.6	8.7	4.1	34.9	10.4	37.1	12.1	12.2	7.8	16.4	14.1	12.9	10.0	10.7	16.6	9.2	11.4	14.6	21.8	19.4	15.2	18.6	17.4	20.5	23.2	22.1	20.9	20.6	23.9	21.6	23.3	21.1	22.5	21.7	23.7	28.6	34.3	
21.7	20.2	20.9	18.3	11.4	10.4	14.7	20.7	12.3	18.7	7.4	25.5	10.6	18.3	18.9	14.0	7.6	17.4	16.4	12.8	10.7	21.5	21.6	14.0	13.1	10.3	27.2	28.4	11.0	42.3	0.0	10.3	38.5	6.4	8.7	33.7	38.6	7.6	32.2	5.7	31.2	31.7	46.7	28.3	30.9	32.4	36.4	36.6	29.3	40.6	37.9	37.5	27.9	31.2	40.2	34.1	36.5	32.1	30.8	34.0	38.7	39.8	34.1	38.5	35.8	41.2	38.7	40.8	40.9	42.2	44.0	
11.5	14.5	14.6	13.3	14.3	13.2	9.7	12.2	8.6	10.4	11.1	15.7	6.7	9.4	9.8	5.9	7.0	8.0	7.1	4.7	4.4	11.4	11.5	4.6	3.6	1.6	16.9	18.1	1.3	31.9	10.3	0.0	28.1	4.0	1.8	23.3	28.2	3.2	21.8	5.4	20.9	21.5	36.4	18.3	20.9	22.4	26.2	26.6	19.6	30.5	27.9	27.8	19.2	22.1	30.7	25.0	27.2	23.3	22.6	25.5	29.9	31.0	26.0	29.8	27.6	32.4	30.2	32.1	32.6	34.7	37.4	
17.3	27.3	26.1	28.7	38.5	37.9	29.0	21.7	30.8	23.1	37.3	15.4	30.6	22.3	21.6	26.0	33.2	22.3	23.2	26.8	29.0	17.6	17.5	25.0	25.8	28.3	11.4	10.1	27.5	3.9	38.5	28.1	0.0	32.1	29.8	4.8	0.9	31.0	6.5	33.2	8.3	8.4	9.8	12.6	10.4	9.5	7.3	8.1	13.0	8.1	9.3	12.4	18.3	16.2	13.7	15.8	15.0	17.5	20.1	19.4	18.9	18.8	21.2	19.5	20.8	19.5	20.4	20.0	21.9	26.7	32.4	
15.2	16.8	17.1	15.2	12.9	11.8	11.4	15.6	9.5	13.7	9.1	19.6	7.4	12.9	13.4	8.9	5.9	11.8	10.8	7.6	6.1	15.4	15.5	8.3	7.2	4.4	20.9	22.1	4.9	35.9	6.4	4.0	32.1	0.0	2.3	27.3	32.2	1.3	25.7	1.6	24.7	25.2	40.3	21.9	24.5	26.0	29.9	30.2	23.0	34.2	31.5	31.2	22.0	25.2	34.0	28.0	30.4	26.1	25.1	28.2	32.8	33.9	28.5	32.6	30.1	35.2	32.9	34.9	35.2	36.9	39.2	
12.9	15.8	16.0	14.5	14.0	12.9	10.8	13.9	9.3	12.1	10.5	17.6	7.2	11.2	11.6	7.5	6.7	9.9	8.9	6.2	5.2	13.2	13.3	6.4	5.4	2.8	18.6	19.8	3.0	33.6	8.7	1.8	29.8	2.3	0.0	24.9	29.9	1.3	23.4	3.5	22.4	22.9	38.0	19.7	22.3	23.7	27.7	28.0	20.8	31.9	29.3	29.0	20.0	23.1	31.8	26.0	28.3	24.1	23.2	26.3	30.8	31.9	26.7	30.7	28.3	33.2	31.0	32.9	33.3	35.2	37.7	
12.4	23.7	22.6	25.0	34.2	33.5	24.8	17.8	26.5	19.0	32.8	11.8	26.2	18.0	17.4	21.5	28.6	17.9	18.7	22.2	24.4	13.2	13.1	20.3	21.1	23.5	6.9	5.7	22.7	8.7	33.7	23.3	4.8	27.3	24.9	0.0	4.9	26.2	1.6	28.3	3.8	4.4	13.6	8.3	6.6	6.2	6.3	7.2	9.0	9.4	8.9	11.4	14.5	13.0	13.6	13.5	13.4	14.5	16.9	16.9	17.6	17.8	18.6	18.1	18.6	18.8	19.0	19.1	20.8	25.4	30.8	
17.2	27.9	26.7	29.3	38.9	38.2	29.4	22.2	31.2	23.6	37.6	16.0	30.9	22.6	22.0	26.3	33.5	22.6	23.5	27.1	29.3	18.0	17.8	25.2	26.0	28.4	11.6	10.4	27.7	4.1	38.6	28.2	0.9	32.2	29.9	4.9	0.0	31.1	6.4	33.2	8.0	8.0	9.2	12.2	9.9	8.9	6.4	7.2	12.5	7.1	8.3	11.5	17.7	15.5	12.8	15.0	14.1	16.7	19.4	18.6	17.9	17.8	20.4	18.6	19.9	18.6	19.5	19.0	21.0	25.8	31.4	
14.0	16.9	17.2	15.5	14.1	13.0	11.8	15.3	10.1	13.4	10.4	19.0	8.0	12.5	12.9	8.8	6.9	11.2	10.3	7.5	6.3	14.6	14.7	7.8	6.7	4.1	19.9	21.1	4.3	34.9	7.6	3.2	31.0	1.3	1.3	26.2	31.1	0.0	24.6	2.2	23.5	24.0	39.1	20.6	23.3	24.7	28.7	29.0	21.7	32.9	30.3	29.9	20.6	23.8	32.7	26.7	29.0	24.8	23.7	26.8	31.4	32.5	27.1	31.3	28.8	33.9	31.5	33.5	33.8	35.5	37.9	
10.8	23.0	21.9	24.1	33.1	32.3	23.8	17.0	25.3	18.1	31.5	11.2	24.9	17.0	16.4	20.3	27.3	16.7	17.5	20.9	23.1	12.1	11.9	19.0	19.8	22.1	5.8	4.8	21.3	10.4	32.2	21.8	6.5	25.7	23.4	1.6	6.4	24.6	0.0	26.8	2.3	3.1	14.8	6.7	5.3	5.1	6.3	7.2	7.5	10.0	8.9	11.0	13.0	11.8	13.4	12.5	12.8	13.4	15.6	15.8	16.9	17.3	17.5	17.4	17.7	18.4	18.3	18.6	20.2	24.7	29.9	
16.1	18.4	18.8	16.8	13.8	12.7	13.0	17.2	11.1	15.3	9.8	21.1	9.0	14.5	15.0	10.6	7.2	13.3	12.3	9.3	7.7	16.8	16.9	9.8	8.8	6.1	22.1	23.3	6.4	37.1	5.7	5.4	33.2	1.6	3.5	28.3	33.2	2.2	26.8	0.0	25.7	26.1	41.2	22.6	25.3	26.8	30.7	31.0	23.6	34.9	32.2	31.8	22.2	25.5	34.5	28.4	30.8	26.4	25.2	28.3	33.0	34.1	28.5	32.8	30.2	35.5	33.1	35.1	35.3	36.8	38.8	
9.5	23.6	22.6	24.6	32.9	32.1	23.8	17.5	25.2	18.4	31.1	12.1	24.6	17.1	16.5	20.0	26.8	16.6	17.3	20.5	22.6	12.1	12.0	18.5	19.2	21.4	6.4	5.7	20.5	12.1	31.2	20.9	8.3	24.7	22.4	3.8	8.0	23.5	2.3	25.7	0.0	1.1	15.5	4.4	3.0	3.2	5.7	6.3	5.2	9.8	8.0	9.6	10.7	9.5	12.2	10.4	10.9	11.1	13.2	13.6	15.1	15.5	15.3	15.5	15.5	16.7	16.3	16.9	18.4	22.7	27.8	
10.0	24.6	23.6	25.5	33.7	32.9	24.7	18.5	26.0	19.3	31.8	13.2	25.4	18.0	17.4	20.8	27.5	17.5	18.1	21.3	23.3	13.1	12.9	19.3	19.9	22.0	7.4	6.8	21.1	12.2	31.7	21.5	8.4	25.2	22.9	4.4	8.0	24.0	3.1	26.1	1.1	0.0	15.0	4.2	2.1	2.1	4.8	5.4	4.6	9.0	7.0	8.5	10.1	8.6	11.1	9.4	9.8	10.2	12.4	12.6	14.0	14.4	14.4	14.4	14.5	15.6	15.3	15.8	17.3	21.6	26.8	
25.0	37.1	35.9	38.4	47.9	47.2	38.5	31.4	40.1	32.7	46.4	25.2	39.8	31.7	31.1	35.2	42.2	31.6	32.3	35.8	38.0	26.9	26.7	33.9	34.6	36.9	20.5	19.4	36.0	7.8	46.7	36.4	9.8	40.3	38.0	13.6	9.2	39.1	14.8	41.2	15.5	15.0	0.0	18.7	16.1	14.6	10.6	10.6	18.2	6.9	10.0	12.4	22.3	19.1	11.6	17.3	15.2	19.6	22.4	20.4	17.5	16.8	21.9	18.2	20.8	16.9	19.1	17.5	19.5	24.2	29.9	
6.9	23.8	22.9	24.4	31.4	30.5	23.0	17.7	23.9	18.1	29.1	13.5	23.0	16.6	16.1	18.7	24.8	15.8	16.2	18.9	20.8	11.9	11.8	16.9	17.3	19.1	8.0	8.0	18.2	16.4	28.3	18.3	12.6	21.9	19.7	8.3	12.2	20.6	6.7	22.6	4.4	4.2	18.7	0.0	2.6	4.1	8.1	8.3	1.7	12.3	9.6	9.7	6.5	6.4	12.5	8.3	9.8	8.1	9.6	10.8	13.5	14.3	12.3	13.7	12.9	15.6	14.5	15.6	16.8	20.5	25.2	
9.4	25.4	24.4	26.1	33.7	32.8	25.0	19.2	26.1	19.9	31.5	14.4	25.3	18.4	17.9	20.9	27.2	17.7	18.3	21.2	23.1	13.6	13.4	19.2	19.7	21.6	8.6	8.2	20.7	14.1	30.9	20.9	10.4	24.5	22.3	6.6	9.9	23.3	5.3	25.3	3.0	2.1	16.1	2.6	0.0	1.4	5.4	5.7	2.5	9.6	7.0	7.6	7.9	6.5	10.4	7.6	8.4	8.1	10.3	10.6	12.4	13.0	12.3	12.8	12.6	14.2	13.6	14.3	15.8	19.9	24.9	
10.9	26.5	25.5	27.3	35.1	34.2	26.3	20.3	27.4	21.0	33.0	15.2	26.7	19.6	19.1	22.2	28.7	19.0	19.6	22.6	24.5	14.7	14.6	20.6	21.1	23.0	9.4	8.8	22.2	12.9	32.4	22.4	9.5	26.0	23.7	6.2	8.9	24.7	5.1	26.8	3.2	2.1	14.6	4.1	1.4	0.0	4.0	4.2	3.7	8.1	5.6	6.5	8.8	6.9	9.3	7.3	7.7	8.3	10.7	10.7	11.9	12.3	12.4	12.3	12.5	13.5	13.1	13.7	15.2	19.5	24.7	
14.7	29.2	28.2	30.2	38.6	37.8	29.6	23.1	30.9	24.1	36.7	17.5	30.2	22.8	22.2	25.7	32.4	22.4	23.0	26.2	28.2	17.9	17.7	24.2	24.8	26.8	11.9	11.0	26.0	10.0	36.4	26.2	7.3	29.9	27.7	6.3	6.4	28.7	6.3	30.7	5.7	4.8	10.6	8.1	5.4	4.0	0.0	0.9	7.6	4.2	2.6	5.2	12.1	9.4	7.2	8.6	7.7	10.4	13.1	12.1	11.7	11.7	13.9	12.3	13.4	12.6	13.2	13.0	14.9	19.6	25.1	
15.1	30.0	28.9	30.9	39.1	38.3	30.2	23.9	31.4	24.7	37.1	18.3	30.8	23.4	22.9	26.3	32.8	22.9	23.6	26.7	28.7	18.5	18.4	24.7	25.2	27.2	12.7	11.8	26.4	10.7	36.6	26.6	8.1	30.2	28.0	7.2	7.2	29.0	7.2	31.0	6.3	5.4	10.6	8.3	5.7	4.2	0.9	0.0	7.6	3.9	1.7	4.3	11.8	8.9	6.3	7.9	6.8	9.8	12.6	11.4	10.8	10.8	13.2	11.4	12.6	11.7	12.3	12.1	13.9	18.7	24.2	
8.4	25.5	24.6	26.1	32.9	31.9	24.6	19.4	25.4	19.8	30.5	15.2	24.4	18.2	17.8	20.2	26.2	17.4	17.8	20.4	22.2	13.6	13.5	18.4	18.8	20.4	9.6	9.5	19.5	16.6	29.3	19.6	13.0	23.0	20.8	9.0	12.5	21.7	7.5	23.6	5.2	4.6	18.2	1.7	2.5	3.7	7.6	7.6	0.0	11.5	8.6	8.3	5.4	4.7	11.1	6.6	8.2	6.4	8.2	9.1	11.8	12.6	10.7	12.0	11.2	13.9	12.7	13.9	15.0	18.8	23.5	
18.9	33.0	31.9	34.2	42.8	41.9	33.6	27.0	35.0	28.1	40.9	21.2	34.4	26.8	26.3	29.9	36.6	26.5	27.1	30.4	32.4	21.9	21.8	28.4	29.0	31.1	15.8	14.8	30.2	9.2	40.6	30.5	8.1	34.2	31.9	9.4	7.1	32.9	10.0	34.9	9.8	9.0	6.9	12.3	9.6	8.1	4.2	3.9	11.5	0.0	3.1	5.8	15.4	12.2	6.0	10.5	8.7	12.8	15.6	13.8	11.8	11.4	15.5	12.5	14.6	11.9	13.4	12.5	14.5	19.4	25.1	
16.5	31.7	30.6	32.6	40.7	39.8	31.8	25.6	33.0	26.4	38.6	20.0	32.3	25.1	24.5	27.8	34.3	24.6	25.1	28.2	30.2	20.2	20.0	26.2	26.7	28.7	14.4	13.5	27.8	11.4	37.9	27.9	9.3	31.5	29.3	8.9	8.3	30.3	8.9	32.2	8.0	7.0	10.0	9.6	7.0	5.6	2.6	1.7	8.6	3.1	0.0	3.2	12.2	9.0	4.7	7.5	6.0	9.7	12.5	10.9	9.6	9.5	12.6	10.2	11.9	10.3	11.2	10.7	12.6	17.4	23.1	
16.6	33.0	32.0	33.8	41.2	40.2	32.6	26.9	33.6	27.5	38.8	21.7	32.7	26.1	25.6	28.4	34.5	25.4	25.8	28.7	30.5	21.2	21.1	26.6	27.0	28.7	15.9	15.3	27.8	14.6	37.5	27.8	12.4	31.2	29.0	11.4	11.5	29.9	11.0	31.8	9.6	8.5	12.4	9.7	7.6	6.5	5.2	4.3	8.3	5.8	3.2	0.0	10.5	7.0	2.8	4.8	2.8	7.2	9.9	7.9	6.4	6.4	9.6	7.0	8.7	7.4	8.0	7.7	9.6	14.3	19.9	
10.0	28.1	27.4	28.2	33.3	32.3	26.1	22.3	26.4	22.2	30.4	19.2	25.1	20.5	20.2	21.4	26.2	19.3	19.4	21.3	22.7	16.5	16.4	19.3	19.4	20.4	14.2	14.4	19.5	21.8	27.9	19.2	18.3	22.0	20.0	14.5	17.7	20.6	13.0	22.2	10.7	10.1	22.3	6.5	7.9	8.8	12.1	11.8	5.4	15.4	12.2	10.5	0.0	3.5	12.8	6.2	8.7	4.1	3.8	6.3	10.8	11.9	7.1	10.6	8.5	13.2	11.0	12.9	13.3	15.9	19.8	
12.0	29.8	29.0	30.2	36.1	35.1	28.4	23.8	28.9	24.0	33.3	19.9	27.7	22.3	21.9	23.8	29.0	21.3	21.6	23.8	25.4	18.0	17.8	21.8	22.0	23.2	14.4	14.3	22.4	19.4	31.2	22.1	16.2	25.2	23.1	13.0	15.5	23.8	11.8	25.5	9.5	8.6	19.1	6.4	6.5	6.9	9.4	8.9	4.7	12.2	9.0	7.0	3.5	0.0	9.3	2.8	5.3	1.6	3.8	4.4	7.8	8.8	5.9	7.9	6.5	10.2	8.4	10.0	10.8	14.2	18.8	
19.5	35.8	34.8	36.6	44.0	43.1	35.5	29.6	36.5	30.3	41.6	24.4	35.6	28.9	28.4	31.3	37.3	28.2	28.7	31.5	33.4	24.0	23.9	29.5	29.9	31.6	18.6	17.9	30.7	15.2	40.2	30.7	13.7	34.0	31.8	13.6	12.8	32.7	13.4	34.5	12.2	11.1	11.6	12.5	10.4	9.3	7.2	6.3	11.1	6.0	4.7	2.8	12.8	9.3	0.0	6.7	4.2	9.2	11.7	9.1	5.9	5.4	10.5	6.6	9.2	5.9	7.5	6.4	8.4	13.3	19.0	
14.6	32.2	31.3	32.6	38.9	37.9	31.0	26.1	31.6	26.4	36.2	21.8	30.5	24.8	24.4	26.5	31.9	23.8	24.2	26.5	28.1	20.3	20.1	24.5	24.8	26.1	16.1	15.8	25.2	18.6	34.1	25.0	15.8	28.0	26.0	13.5	15.0	26.7	12.5	28.4	10.4	9.4	17.3	8.3	7.6	7.3	8.6	7.9	6.6	10.5	7.5	4.8	6.2	2.8	6.7	0.0	2.5	2.4	5.1	3.5	5.2	6.1	5.3	5.4	5.1	7.4	6.1	7.3	8.4	12.3	17.4	
16.5	33.6	32.7	34.3	40.9	40.0	32.8	27.5	33.6	28.0	38.3	22.8	32.5	26.4	26.0	28.4	34.0	25.6	26.0	28.5	30.2	21.7	21.6	26.5	26.8	28.2	17.0	16.6	27.3	17.4	36.5	27.2	15.0	30.4	28.3	13.4	14.1	29.0	12.8	30.8	10.9	9.8	15.2	9.8	8.4	7.7	7.7	6.8	8.2	8.7	6.0	2.8	8.7	5.3	4.2	2.5	0.0	4.9	7.4	5.1	4.1	4.6	6.7	4.6	5.8	5.8	5.5	5.9	7.4	12.0	17.4	
13.4	31.4	30.6	31.7	37.3	36.3	29.8	25.4	30.3	25.5	34.5	21.6	29.0	23.9	23.5	25.2	30.2	22.8	23.0	25.1	26.6	19.6	19.5	23.1	23.3	24.4	16.1	16.0	23.6	20.5	32.1	23.3	17.5	26.1	24.1	14.5	16.7	24.8	13.4	26.4	11.1	10.2	19.6	8.1	8.1	8.3	10.4	9.8	6.4	12.8	9.7	7.2	4.1	1.6	9.2	2.4	4.9	0.0	2.7	2.7	6.6	7.7	4.2	6.5	4.9	9.1	7.0	8.8	9.4	12.5	17.1	
13.8	31.9	31.2	32.0	36.8	35.8	29.8	26.1	30.1	26.0	33.7	22.8	28.7	24.3	24.0	25.1	29.6	23.1	23.2	24.9	26.2	20.3	20.2	23.0	23.1	23.9	17.6	17.6	23.0	23.2	30.8	22.6	20.1	25.1	23.2	16.9	19.4	23.7	15.6	25.2	13.2	12.4	22.4	9.6	10.3	10.7	13.1	12.6	8.2	15.6	12.5	9.9	3.8	3.8	11.7	5.1	7.4	2.7	0.0	3.1	8.0	9.2	3.4	7.7	5.0	10.5	7.8	10.0	10.1	12.2	16.0	
16.1	34.1	33.3	34.4	39.7	38.7	32.4	28.1	32.8	28.2	36.7	24.3	31.4	26.6	26.2	27.7	32.5	25.5	25.7	27.6	29.0	22.3	22.2	25.6	25.8	26.7	18.8	18.7	25.9	22.1	34.0	25.5	19.4	28.2	26.3	16.9	18.6	26.8	15.8	28.3	13.6	12.6	20.4	10.8	10.6	10.7	12.1	11.4	9.1	13.8	10.9	7.9	6.3	4.4	9.1	3.5	5.1	2.7	3.1	0.0	4.8	6.0	1.7	4.5	2.2	7.3	4.7	6.8	7.0	9.8	14.3	
19.8	37.4	36.5	37.9	44.0	42.9	36.2	31.3	36.8	31.6	41.1	26.8	35.6	30.0	29.6	31.7	36.9	29.1	29.4	31.7	33.2	25.5	25.4	29.6	29.9	31.1	21.1	20.7	30.2	20.9	38.7	29.9	18.9	32.8	30.8	17.6	17.9	31.4	16.9	33.0	15.1	14.0	17.5	13.5	12.4	11.9	11.7	10.8	11.8	11.8	9.6	6.4	10.8	7.8	5.9	5.2	4.1	6.6	8.0	4.8	0.0	1.1	5.5	0.7	3.8	2.4	1.6	2.1	3.3	7.9	13.4	
20.7	38.1	37.2	38.7	44.9	43.9	37.1	32.0	37.7	32.4	42.2	27.4	36.6	30.9	30.4	32.6	37.9	29.9	30.3	32.6	34.2	26.2	26.1	30.6	30.8	32.1	21.6	21.2	31.2	20.6	39.8	31.0	18.8	33.9	31.9	17.8	17.8	32.5	17.3	34.1	15.5	14.4	16.8	14.3	13.0	12.3	11.7	10.8	12.6	11.4	9.5	6.4	11.9	8.8	5.4	6.1	4.6	7.7	9.2	6.0	1.1	0.0	6.7	1.7	4.9	1.3	2.3	1.3	3.1	7.9	13.6	
17.1	35.2	34.5	35.4	40.3	39.3	33.3	29.3	33.6	29.3	37.2	25.8	32.1	27.6	27.3	28.6	33.1	26.5	26.6	28.4	29.7	23.5	23.4	26.5	26.5	27.3	20.3	20.2	26.5	23.9	34.1	26.0	21.2	28.5	26.7	18.6	20.4	27.1	17.5	28.5	15.3	14.4	21.9	12.3	12.3	12.4	13.9	13.2	10.7	15.5	12.6	9.6	7.1	5.9	10.5	5.3	6.7	4.2	3.4	1.7	5.5	6.7	0.0	5.0	1.8	7.7	4.8	7.2	6.8	8.7	12.9	
19.9	37.5	36.7	38.0	43.9	42.9	36.3	31.5	36.8	31.8	41.0	27.1	35.6	30.2	29.7	31.7	36.8	29.2	29.5	31.7	33.2	25.7	25.5	29.7	29.9	31.0	21.4	21.0	30.1	21.6	38.5	29.8	19.5	32.6	30.7	18.1	18.6	31.3	17.4	32.8	15.5	14.4	18.2	13.7	12.8	12.3	12.3	11.4	12.0	12.5	10.2	7.0	10.6	7.9	6.6	5.4	4.6	6.5	7.7	4.5	0.7	1.7	5.0	0.0	3.2	2.8	0.9	2.3	3.0	7.3	12.8	
18.3	36.3	35.5	36.6	41.8	40.8	34.6	30.3	34.9	30.4	38.8	26.5	33.6	28.8	28.4	29.9	34.6	27.7	27.8	29.8	31.2	24.5	24.4	27.8	27.9	28.8	20.9	20.7	28.0	23.3	35.8	27.6	20.8	30.1	28.3	18.6	19.9	28.8	17.7	30.2	15.5	14.5	20.8	12.9	12.6	12.5	13.4	12.6	11.2	14.6	11.9	8.7	8.5	6.5	9.2	5.1	5.8	4.9	5.0	2.2	3.8	4.9	1.8	3.2	0.0	5.9	3.0	5.3	5.1	7.6	12.3	
22.0	39.5	38.6	40.0	46.3	45.3	38.4	33.3	39.1	33.8	43.5	28.7	37.9	32.2	31.7	34.0	39.3	31.3	31.6	34.0	35.6	27.6	27.4	32.0	32.2	33.5	22.9	22.4	32.6	21.1	41.2	32.4	19.5	35.2	33.2	18.8	18.6	33.9	18.4	35.5	16.7	15.6	16.9	15.6	14.2	13.5	12.6	11.7	13.9	11.9	10.3	7.4	13.2	10.2	5.9	7.4	5.8	9.1	10.5	7.3	2.4	1.3	7.7	2.8	5.9	0.0	3.0	0.7	2.6	7.4	13.2	
20.4	38.2	37.4	38.6	44.4	43.3	36.8	32.2	37.3	32.4	41.4	27.9	36.0	30.8	30.4	32.2	37.2	29.8	30.0	32.2	33.6	26.3	26.2	30.2	30.4	31.4	22.2	21.8	30.5	22.5	38.7	30.2	20.4	32.9	31.0	19.0	19.5	31.5	18.3	33.1	16.3	15.3	19.1	14.5	13.6	13.1	13.2	12.3	12.7	13.4	11.2	8.0	11.0	8.4	7.5	6.1	5.5	7.0	7.8	4.7	1.6	2.3	4.8	0.9	3.0	3.0	0.0	2.3	2.3	6.4	11.9	
21.9	39.5	38.6	40.0	46.1	45.1	38.3	33.4	39.0	33.7	43.3	28.8	37.8	32.1	31.7	33.8	39.0	31.2	31.5	33.8	35.4	27.6	27.4	31.8	32.0	33.2	23.0	22.5	32.4	21.7	40.8	32.1	20.0	34.9	32.9	19.1	19.0	33.5	18.6	35.1	16.9	15.8	17.5	15.6	14.3	13.7	13.0	12.1	13.9	12.5	10.7	7.7	12.9	10.0	6.4	7.3	5.9	8.8	10.0	6.8	2.1	1.3	7.2	2.3	5.3	0.7	2.3	0.0	2.0	6.8	12.6	
22.8	40.6	39.7	41.0	46.7	45.7	39.2	34.5	39.7	34.8	43.8	30.1	38.4	33.2	32.7	34.6	39.6	32.2	32.4	34.6	36.0	28.7	28.6	32.6	32.7	33.8	24.4	24.0	32.9	23.7	40.9	32.6	21.9	35.2	33.3	20.8	21.0	33.8	20.2	35.3	18.4	17.3	19.5	16.8	15.8	15.2	14.9	13.9	15.0	14.5	12.6	9.6	13.3	10.8	8.4	8.4	7.4	9.4	10.1	7.0	3.3	3.1	6.8	3.0	5.1	2.6	2.3	2.0	0.0	4.8	10.6	
25.9	43.9	43.1	44.2	49.0	47.9	42.1	38.0	42.3	38.0	45.7	34.0	40.9	36.4	36.0	37.4	41.7	35.2	35.4	37.2	38.4	32.1	32.0	35.2	35.3	36.0	28.4	28.1	35.2	28.6	42.2	34.7	26.7	36.9	35.2	25.4	25.8	35.5	24.7	36.8	22.7	21.6	24.2	20.5	19.9	19.5	19.6	18.7	18.8	19.4	17.4	14.3	15.9	14.2	13.3	12.3	12.0	12.5	12.2	9.8	7.9	7.9	8.7	7.3	7.6	7.4	6.4	6.8	4.8	0.0	5.7	
29.8	47.9	47.2	47.9	51.7	50.6	45.5	42.1	45.5	42.0	48.3	38.7	43.9	40.3	40.0	40.8	44.4	39.0	39.1	40.4	41.5	36.4	36.3	38.6	38.5	38.9	33.2	33.0	38.1	34.3	44.0	37.4	32.4	39.2	37.7	30.8	31.4	37.9	29.9	38.8	27.8	26.8	29.9	25.2	24.9	24.7	25.1	24.2	23.5	25.1	23.1	19.9	19.8	18.8	19.0	17.4	17.4	17.1	16.0	14.3	13.4	13.6	12.9	12.8	12.3	13.2	11.9	12.6	10.6	5.7	0.0	
