PLANT: 2
N:	71
vehicle:	10
qnum:	3
capacity:	100
number	DEMAND	READY_TIME	DUE_DATE	SERVICE_TIME
depot	0	0	600	0
STATION
1		38	216	336	10
2		35	454	574	10
3		33	164	404	10
4		21	216	456	10
5		21	240	420	10
6		29	211	451	10
7		28	392	572	10
8		20	382	502	10
9		22	294	534	10
10		27	145	325	10
11		28	214	394	10
12		28	443	563	10
13		31	214	454	10
14		29	189	429	10
15		29	91	271	10
16		38	95	275	10
17		38	62	302	10
18		21	87	267	10
19		20	254	434	10
20		38	180	300	10
21		36	281	461	10
22		20	399	579	10
23		31	61	301	10
24		22	319	559	10
25		24	178	418	10
26		23	376	496	10
27		26	243	483	10
28		35	18	258	10
29		30	224	464	10
30		22	41	161	10
31		34	291	471	10
32		24	74	314	10
33		30	125	245	10
34		26	71	251	10
35		22	353	533	10
36		36	332	572	10
37		33	141	261	10
38		24	260	500	10
39		24	370	490	10
40		30	133	373	10
41		23	389	569	10
42		21	356	476	10
43		38	33	213	10
44		32	218	338	10
45		26	271	511	10
46		29	232	412	10
47		25	459	579	10
48		32	185	425	10
49		26	383	563	10
50		36	245	425	10
51		27	240	360	10
52		28	74	194	10
53		34	141	381	10
54		35	324	444	10
55		25	35	275	10
56		34	21	201	10
57		36	84	324	10
58		22	133	373	10
59		36	26	146	10
60		27	120	360	10
61		37	250	370	10
62		34	334	514	10
63		22	355	535	10
64		37	30	210	10
65		24	37	157	10
66		22	316	436	10
67		20	240	360	10
68		38	75	255	10
69		21	73	193	10
70		39	43	283	10
MARTRIX
0.0	18.0	17.3	17.5	18.2	24.5	18.4	16.4	23.5	15.7	23.7	16.4	20.0	17.1	12.1	16.7	22.1	10.3	10.4	10.1	11.9	17.8	16.1	9.6	8.0	6.7	6.6	10.3	12.0	12.1	7.3	8.3	9.9	14.5	8.0	6.9	21.7	11.5	15.7	17.4	10.8	13.7	15.7	25.0	6.9	9.4	14.7	12.3	15.1	8.3	16.5	27.6	16.6	12.0	19.6	13.4	12.4	20.9	16.1	19.8	17.9	22.0	21.4	20.4	21.1	18.6	22.8	23.3	24.7	25.0	33.3	
18.0	0.0	1.2	0.5	2.1	13.5	5.6	3.8	13.3	4.4	14.1	5.5	10.1	7.9	5.9	8.9	14.6	11.9	7.5	7.9	8.6	12.6	22.1	9.1	12.8	11.9	12.0	11.2	12.3	13.0	17.3	18.2	19.8	15.5	19.1	13.4	20.2	14.5	17.4	27.8	23.0	27.1	28.8	37.1	23.8	25.4	29.2	27.8	30.0	25.8	31.7	41.1	33.0	29.8	35.8	31.4	30.4	37.8	34.1	37.4	35.9	39.5	39.0	38.2	39.0	36.2	40.6	41.2	42.6	43.0	51.2	
17.3	1.2	0.0	1.2	3.2	14.6	6.6	4.5	14.4	4.9	15.2	6.2	11.1	8.7	5.3	9.6	15.5	10.7	7.0	7.2	8.6	13.3	20.8	8.7	11.7	11.0	11.1	11.2	12.5	13.2	16.2	17.1	18.7	15.8	18.0	13.2	20.9	14.6	17.8	26.6	21.9	26.0	27.6	35.9	22.9	24.4	28.2	26.8	28.9	24.9	30.6	39.9	32.0	29.0	34.8	30.6	29.7	36.9	33.3	36.5	35.2	38.6	38.2	37.4	38.2	35.6	39.7	40.4	41.8	42.2	50.6	
17.5	0.5	1.2	0.0	1.9	13.4	5.3	3.4	13.2	3.9	13.9	5.1	9.9	7.6	5.3	8.5	14.3	11.6	7.0	7.4	8.0	12.2	21.9	8.5	12.4	11.4	11.5	10.7	11.8	12.4	16.9	17.8	19.5	15.0	18.7	12.9	19.9	13.9	16.9	27.6	22.7	26.8	28.4	36.8	23.4	25.0	28.9	27.4	29.6	25.3	31.3	40.8	32.6	29.3	35.4	30.9	29.9	37.4	33.6	36.9	35.4	39.0	38.6	37.7	38.6	35.6	40.1	40.7	42.1	42.5	50.7	
18.2	2.1	3.2	1.9	0.0	11.4	3.5	2.3	11.2	3.1	12.0	3.8	8.0	6.0	6.2	7.0	12.5	13.2	7.8	8.2	7.7	10.7	23.7	8.8	13.8	12.5	12.6	10.3	11.1	11.7	18.3	19.3	21.1	14.0	20.2	13.0	18.3	13.3	15.8	29.2	24.1	28.2	29.9	38.4	24.4	26.1	30.2	28.6	30.9	26.3	32.6	42.3	33.8	30.2	36.7	31.7	30.6	38.5	34.4	37.9	36.1	40.0	39.5	38.6	39.4	36.0	41.0	41.6	42.9	43.3	51.1	
24.5	13.5	14.6	13.4	11.4	0.0	8.2	10.8	1.1	11.1	1.7	9.6	4.5	7.7	15.5	7.8	4.1	23.4	16.2	16.9	12.8	7.3	34.2	15.6	23.2	21.0	21.1	14.1	12.8	12.9	27.3	28.5	30.4	12.4	29.1	17.6	11.4	14.3	13.1	39.0	33.1	37.0	38.9	47.9	31.4	33.7	38.6	36.5	39.1	32.8	40.7	51.3	41.2	36.1	44.1	37.3	35.5	45.4	39.7	44.0	41.1	46.3	45.6	44.4	44.6	39.0	46.7	46.8	48.2	48.1	53.9	
18.4	5.6	6.6	5.3	3.5	8.2	0.0	2.6	7.9	3.0	8.6	2.0	4.5	2.9	7.5	3.9	9.0	15.3	8.6	9.2	6.6	7.4	26.1	8.8	15.4	13.6	13.7	9.0	9.0	9.6	19.8	20.9	22.7	11.3	21.6	12.2	14.9	11.2	12.9	31.2	25.6	29.6	31.4	40.3	25.0	27.0	31.5	29.7	32.1	26.6	33.7	43.9	34.6	30.4	37.5	31.8	30.4	39.2	34.4	38.2	36.0	40.4	39.9	38.8	39.4	35.2	41.2	41.6	43.0	43.2	50.3	
16.4	3.8	4.5	3.4	2.3	10.8	2.6	0.0	10.4	0.8	11.1	1.6	6.8	4.2	5.0	5.0	11.1	12.7	6.3	6.8	5.4	8.8	23.5	6.9	12.9	11.2	11.4	8.0	8.7	9.3	17.3	18.4	20.2	11.7	19.2	10.8	16.4	10.9	13.5	28.6	23.2	27.2	29.0	37.8	22.9	24.8	29.1	27.4	29.8	24.6	31.4	41.5	32.4	28.5	35.3	29.9	28.7	37.0	32.6	36.2	34.3	38.4	37.9	36.9	37.6	33.9	39.3	39.8	41.2	41.4	49.0	
23.5	13.3	14.4	13.2	11.2	1.1	7.9	10.4	0.0	10.6	0.8	9.1	3.8	7.0	14.9	6.9	3.0	22.8	15.6	16.2	12.0	6.2	33.6	14.8	22.6	20.3	20.4	13.1	11.7	11.9	26.6	27.8	29.7	11.3	28.4	16.6	10.4	13.2	11.9	38.3	32.3	36.2	38.1	47.2	30.5	32.8	37.8	35.7	38.3	31.8	39.8	50.5	40.2	35.1	43.2	36.3	34.4	44.4	38.7	42.9	40.1	45.3	44.6	43.3	43.6	37.9	45.7	45.8	47.1	47.1	52.8	
15.7	4.4	4.9	3.9	3.1	11.1	3.0	0.8	10.6	0.0	11.2	1.5	6.9	4.0	4.5	4.8	11.1	12.3	5.6	6.2	4.5	8.4	23.1	6.1	12.4	10.6	10.7	7.2	7.9	8.6	16.7	17.8	19.7	11.0	18.6	10.0	16.0	10.2	12.9	28.1	22.6	26.6	28.4	37.2	22.1	24.0	28.5	26.7	29.1	23.9	30.8	40.9	31.7	27.7	34.6	29.1	27.9	36.3	31.8	35.4	33.5	37.7	37.1	36.1	36.8	33.0	38.5	39.0	40.4	40.6	48.1	
23.7	14.1	15.2	13.9	12.0	1.7	8.6	11.1	0.8	11.2	0.0	9.7	4.3	7.5	15.5	7.3	2.4	23.3	16.1	16.7	12.4	6.1	34.2	15.2	23.0	20.7	20.8	13.3	11.8	11.9	27.0	28.2	30.1	11.1	28.8	16.8	9.7	13.1	11.6	38.7	32.7	36.5	38.4	47.6	30.7	33.1	38.1	35.9	38.6	32.0	40.1	50.8	40.4	35.2	43.4	36.4	34.4	44.6	38.7	43.0	40.0	45.4	44.6	43.4	43.6	37.7	45.7	45.8	47.1	47.0	52.6	
16.4	5.5	6.2	5.1	3.8	9.6	2.0	1.6	9.1	1.5	9.7	0.0	5.4	2.5	5.8	3.4	9.6	13.7	6.8	7.3	4.7	7.1	24.5	6.8	13.7	11.7	11.8	7.1	7.5	8.1	17.9	19.1	20.9	10.2	19.8	10.3	14.7	9.7	12.0	29.4	23.8	27.8	29.6	38.5	23.0	25.0	29.6	27.7	30.2	24.6	31.8	42.1	32.6	28.4	35.5	29.8	28.4	37.2	32.4	36.2	34.0	38.4	37.9	36.8	37.4	33.3	39.2	39.6	41.0	41.2	48.4	
20.0	10.1	11.1	9.9	8.0	4.5	4.5	6.8	3.8	6.9	4.3	5.4	0.0	3.2	11.1	3.2	4.4	19.0	11.7	12.4	8.3	4.2	29.8	11.0	18.7	16.4	16.6	9.7	8.6	8.9	22.8	24.0	25.9	9.2	24.6	13.2	10.9	10.4	10.4	34.5	28.5	32.4	34.3	43.4	26.9	29.2	34.1	32.0	34.6	28.3	36.2	46.8	36.7	31.7	39.6	33.1	31.3	41.0	35.5	39.6	37.0	42.0	41.3	40.1	40.4	35.2	42.5	42.7	44.0	44.0	50.3	
17.1	7.9	8.7	7.6	6.0	7.7	2.9	4.2	7.0	4.0	7.5	2.5	3.2	0.0	7.9	1.0	7.1	15.8	8.5	9.1	5.2	4.6	26.6	7.8	15.5	13.2	13.3	7.0	6.5	7.0	19.6	20.7	22.7	8.4	21.3	10.4	12.3	8.6	10.0	31.2	25.3	29.2	31.1	40.1	23.9	26.1	30.9	28.9	31.4	25.4	33.0	43.6	33.6	28.9	36.6	30.3	28.7	38.0	32.8	36.8	34.3	39.1	38.5	37.3	37.8	33.1	39.7	40.0	41.3	41.4	48.2	
12.1	5.9	5.3	5.3	6.2	15.5	7.5	5.0	14.9	4.5	15.5	5.8	11.1	7.9	0.0	8.3	15.0	7.8	1.7	2.0	4.7	11.6	18.7	3.6	7.9	6.2	6.4	6.8	8.6	9.3	12.2	13.3	15.2	12.4	14.1	8.0	18.7	10.4	14.3	23.6	18.1	22.2	23.9	32.7	18.1	19.9	24.1	22.4	24.7	20.0	26.4	36.4	27.5	24.0	30.4	25.5	24.5	32.2	28.2	31.6	30.0	33.8	33.3	32.4	33.2	30.3	34.8	35.4	36.8	37.1	45.3	
16.7	8.9	9.6	8.5	7.0	7.8	3.9	5.0	6.9	4.8	7.3	3.4	3.2	1.0	8.3	0.0	6.6	16.1	8.7	9.3	5.0	3.7	26.9	7.8	15.7	13.3	13.4	6.5	5.7	6.2	19.6	20.8	22.8	7.4	21.4	10.0	11.3	7.8	9.0	31.3	25.3	29.2	31.1	40.2	23.7	25.9	30.8	28.7	31.3	25.1	32.9	43.5	33.4	28.5	36.3	29.9	28.2	37.7	32.3	36.4	33.8	38.7	38.1	36.9	37.3	32.4	39.3	39.5	40.8	40.9	47.5	
22.1	14.6	15.5	14.3	12.5	4.1	9.0	11.1	3.0	11.1	2.4	9.6	4.4	7.1	15.0	6.6	0.0	22.7	15.3	15.9	11.3	4.3	33.5	14.1	22.2	19.7	19.8	11.8	10.1	10.0	26.0	27.2	29.1	8.8	27.6	15.2	7.4	11.1	9.2	37.7	31.5	35.2	37.2	46.4	29.1	31.5	36.7	34.4	37.1	30.3	38.6	49.5	38.8	33.3	41.7	34.5	32.4	42.8	36.7	41.1	38.0	43.5	42.7	41.4	41.5	35.5	43.8	43.8	45.0	44.9	50.2	
10.3	11.9	10.7	11.6	13.2	23.4	15.3	12.7	22.8	12.3	23.3	13.7	19.0	15.8	7.8	16.1	22.7	0.0	7.4	6.8	11.6	19.0	10.8	9.0	2.2	4.5	4.5	12.4	14.7	15.2	5.8	6.4	7.9	18.4	7.5	11.2	25.5	15.7	20.3	15.9	11.2	15.3	16.9	25.2	13.5	14.4	17.5	16.4	18.3	15.7	20.0	29.1	21.7	19.9	24.4	21.6	21.5	26.7	24.3	26.8	26.4	28.7	28.4	27.9	29.1	28.4	30.1	31.1	32.5	33.2	42.6	
10.4	7.5	7.0	7.0	7.8	16.2	8.6	6.3	15.6	5.6	16.1	6.8	11.7	8.5	1.7	8.7	15.3	7.4	0.0	0.6	4.3	11.6	18.1	2.3	6.9	4.9	5.0	5.8	7.8	8.4	11.1	12.3	14.2	11.7	13.0	6.4	18.3	9.4	13.6	22.7	17.0	21.0	22.8	31.7	16.6	18.4	22.8	21.0	23.4	18.4	25.1	35.3	26.1	22.3	29.0	23.9	22.8	30.7	26.6	30.0	28.4	32.2	31.7	30.8	31.5	28.6	33.2	33.7	35.1	35.5	43.6	
10.1	7.9	7.2	7.4	8.2	16.9	9.2	6.8	16.2	6.2	16.7	7.3	12.4	9.1	2.0	9.3	15.9	6.8	0.6	0.0	4.8	12.2	17.5	2.6	6.3	4.3	4.5	6.2	8.3	8.9	10.5	11.7	13.6	12.1	12.4	6.5	18.9	9.8	14.0	22.1	16.4	20.4	22.2	31.1	16.1	17.9	22.2	20.5	22.9	18.0	24.5	34.7	25.6	21.9	28.5	23.5	22.5	30.3	26.2	29.6	28.0	31.7	31.3	30.4	31.2	28.4	32.7	33.4	34.7	35.1	43.3	
11.9	8.6	8.6	8.0	7.7	12.8	6.6	5.4	12.0	4.5	12.4	4.7	8.3	5.2	4.7	5.0	11.3	11.6	4.3	4.8	0.0	7.3	22.2	2.8	10.9	8.3	8.4	2.6	3.9	4.6	14.6	15.8	17.8	7.6	16.4	5.5	14.0	5.9	9.6	26.4	20.3	24.1	26.0	35.2	18.7	20.9	25.7	23.7	26.3	20.2	27.8	38.5	28.4	23.8	31.3	25.2	23.7	32.8	27.7	31.7	29.4	34.0	33.3	32.2	32.7	28.6	34.6	35.0	36.3	36.5	43.7	
17.8	12.6	13.3	12.2	10.7	7.3	7.4	8.8	6.2	8.4	6.1	7.1	4.2	4.6	11.6	3.7	4.3	19.0	11.6	12.2	7.3	0.0	29.6	10.1	18.2	15.6	15.7	7.6	5.7	5.8	21.8	23.1	25.0	5.2	23.5	10.9	7.6	7.0	6.2	33.6	27.3	31.0	32.9	42.2	24.8	27.2	32.4	30.1	32.8	26.0	34.3	45.2	34.5	29.0	37.4	30.2	28.3	38.5	32.5	36.9	33.9	39.3	38.5	37.2	37.4	31.6	39.6	39.6	40.9	40.8	46.6	
16.1	22.1	20.8	21.9	23.7	34.2	26.1	23.5	33.6	23.1	34.2	24.5	29.8	26.6	18.7	26.9	33.5	10.8	18.1	17.5	22.2	29.6	0.0	19.5	11.4	14.1	14.0	22.6	24.8	25.3	8.8	7.7	6.2	28.4	8.1	20.5	35.7	25.4	30.1	6.8	7.4	9.6	9.9	15.6	13.9	12.7	12.0	12.6	12.9	15.9	14.4	20.2	17.2	19.2	19.1	20.7	22.0	22.0	23.1	23.6	25.2	24.6	24.9	25.1	26.7	29.7	26.8	28.3	29.6	30.7	41.6	
9.6	9.1	8.7	8.5	8.8	15.6	8.8	6.9	14.8	6.1	15.2	6.8	11.0	7.8	3.6	7.8	14.1	9.0	2.3	2.6	2.8	10.1	19.5	0.0	8.1	5.5	5.6	3.5	5.7	6.3	11.8	13.0	15.0	9.5	13.5	4.4	16.4	7.1	11.4	23.5	17.5	21.3	23.2	32.3	16.2	18.3	23.0	21.0	23.6	17.8	25.1	35.7	25.8	21.6	28.8	23.0	21.8	30.4	25.7	29.4	27.4	31.6	31.1	30.0	30.7	27.1	32.4	32.9	34.2	34.5	42.2	
8.0	12.8	11.7	12.4	13.8	23.2	15.4	12.9	22.6	12.4	23.0	13.7	18.7	15.5	7.9	15.7	22.2	2.2	6.9	6.3	10.9	18.2	11.4	8.1	0.0	2.8	2.7	11.2	13.5	13.9	4.4	5.4	7.3	17.1	6.3	9.5	24.3	14.3	18.9	15.7	10.3	14.4	16.1	24.8	11.6	12.8	16.4	15.0	17.1	13.8	18.8	28.5	20.3	18.0	23.1	19.6	19.4	25.2	22.4	25.1	24.4	27.0	26.7	26.1	27.2	26.3	28.4	29.3	30.7	31.3	40.6	
6.7	11.9	11.0	11.4	12.5	21.0	13.6	11.2	20.3	10.6	20.7	11.7	16.4	13.2	6.2	13.3	19.7	4.5	4.9	4.3	8.3	15.6	14.1	5.5	2.8	0.0	0.1	8.4	10.7	11.1	6.3	7.5	9.4	14.3	8.1	6.7	21.5	11.4	16.0	18.0	12.1	16.0	17.9	26.9	11.9	13.6	17.9	16.1	18.5	13.9	20.2	30.4	21.2	18.0	24.1	19.6	18.9	26.0	22.3	25.5	24.2	27.6	27.1	26.3	27.2	25.3	28.7	29.4	30.8	31.2	40.0	
6.6	12.0	11.1	11.5	12.6	21.1	13.7	11.4	20.4	10.7	20.8	11.8	16.6	13.3	6.4	13.4	19.8	4.5	5.0	4.5	8.4	15.7	14.0	5.6	2.7	0.1	0.0	8.5	10.8	11.2	6.2	7.3	9.3	14.4	7.9	6.8	21.6	11.5	16.1	17.9	11.9	15.9	17.7	26.7	11.8	13.4	17.7	16.0	18.4	13.8	20.0	30.2	21.1	17.8	24.0	19.5	18.8	25.8	22.2	25.4	24.1	27.4	27.0	26.2	27.1	25.2	28.6	29.3	30.7	31.1	39.9	
10.3	11.2	11.2	10.7	10.3	14.1	9.0	8.0	13.1	7.2	13.3	7.1	9.7	7.0	6.8	6.5	11.8	12.4	5.8	6.2	2.6	7.6	22.6	3.5	11.2	8.4	8.5	0.0	2.2	2.7	14.4	15.6	17.6	6.0	16.0	3.5	13.1	3.6	7.9	26.1	19.8	23.4	25.3	34.6	17.3	19.7	24.8	22.6	25.2	18.6	26.7	37.6	27.0	22.0	30.0	23.3	21.6	31.2	25.8	29.9	27.3	32.2	31.5	30.4	30.7	26.1	32.7	33.0	34.3	34.4	41.3	
12.0	12.3	12.5	11.8	11.1	12.8	9.0	8.7	11.7	7.9	11.8	7.5	8.6	6.5	8.6	5.7	10.1	14.7	7.8	8.3	3.9	5.7	24.8	5.7	13.5	10.7	10.8	2.2	0.0	0.7	16.6	17.8	19.8	3.8	18.1	5.1	10.8	2.2	5.7	28.2	21.8	25.3	27.3	36.6	19.0	21.5	26.7	24.4	27.1	20.2	28.5	39.6	28.7	23.3	31.6	24.5	22.7	32.7	26.9	31.2	28.3	33.6	32.8	31.5	31.8	26.6	33.9	34.0	35.4	35.4	41.7	
12.1	13.0	13.2	12.4	11.7	12.9	9.6	9.3	11.9	8.6	11.9	8.1	8.9	7.0	9.3	6.2	10.0	15.2	8.4	8.9	4.6	5.8	25.3	6.3	13.9	11.1	11.2	2.7	0.7	0.0	16.9	18.2	20.1	3.2	18.4	5.3	10.3	1.6	5.1	28.6	22.1	25.6	27.5	36.9	19.1	21.6	26.8	24.5	27.2	20.2	28.7	39.7	28.7	23.2	31.6	24.4	22.5	32.7	26.7	31.1	28.1	33.5	32.7	31.4	31.6	26.3	33.8	33.9	35.2	35.1	41.3	
7.3	17.3	16.2	16.9	18.3	27.3	19.8	17.3	26.6	16.7	27.0	17.9	22.8	19.6	12.2	19.6	26.0	5.8	11.1	10.5	14.6	21.8	8.8	11.8	4.4	6.3	6.2	14.4	16.6	16.9	0.0	1.2	3.2	19.9	1.8	11.9	27.2	16.9	21.5	11.7	5.8	9.9	11.6	20.5	8.0	8.6	11.9	10.6	12.7	10.3	14.4	24.1	15.9	14.4	18.7	16.1	16.3	20.9	18.8	21.1	20.9	22.9	22.7	22.2	23.4	23.7	24.4	25.4	26.8	27.5	37.3	
8.3	18.2	17.1	17.8	19.3	28.5	20.9	18.4	27.8	17.8	28.2	19.1	24.0	20.7	13.3	20.8	27.2	6.4	12.3	11.7	15.8	23.1	7.7	13.0	5.4	7.5	7.3	15.6	17.8	18.2	1.2	0.0	1.9	21.1	1.0	13.1	28.4	18.1	22.7	10.5	4.8	8.9	10.6	19.4	8.0	8.2	11.0	9.9	11.8	10.3	13.5	23.0	15.3	14.3	18.0	16.0	16.4	20.3	18.7	20.7	20.8	22.4	22.2	21.8	23.2	23.9	24.0	25.1	26.5	27.2	37.3	
9.9	19.8	18.7	19.5	21.1	30.4	22.7	20.2	29.7	19.7	30.1	20.9	25.9	22.7	15.2	22.8	29.1	7.9	14.2	13.6	17.8	25.0	6.2	15.0	7.3	9.4	9.3	17.6	19.8	20.1	3.2	1.9	0.0	23.1	1.9	15.0	30.4	20.0	24.6	8.5	3.3	7.4	8.9	17.5	8.2	7.8	9.6	8.9	10.5	10.4	12.2	21.2	14.3	14.2	16.8	15.8	16.6	19.3	18.4	20.0	20.5	21.5	21.5	21.3	22.7	24.2	23.3	24.6	25.9	26.8	37.1	
14.5	15.5	15.8	15.0	14.0	12.4	11.3	11.7	11.3	11.0	11.1	10.2	9.2	8.4	12.4	7.4	8.8	18.4	11.7	12.1	7.6	5.2	28.4	9.5	17.1	14.3	14.4	6.0	3.8	3.2	19.9	21.1	23.1	0.0	21.3	8.0	7.3	3.0	1.9	31.4	24.9	28.2	30.1	39.5	21.3	23.9	29.3	26.8	29.6	22.1	30.9	42.2	30.7	24.9	33.6	25.9	23.7	34.5	28.0	32.6	29.3	35.0	34.1	32.8	32.8	26.6	35.1	35.0	36.3	36.1	41.5	
8.0	19.1	18.0	18.7	20.2	29.1	21.6	19.2	28.4	18.6	28.8	19.8	24.6	21.3	14.1	21.4	27.6	7.5	13.0	12.4	16.4	23.5	8.1	13.5	6.3	8.1	7.9	16.0	18.1	18.4	1.8	1.0	1.9	21.3	0.0	13.3	28.7	18.3	22.8	10.1	4.0	8.0	9.8	18.8	7.0	7.1	10.1	8.9	10.8	9.2	12.6	22.3	14.2	13.2	16.9	14.9	15.4	19.2	17.6	19.6	19.7	21.3	21.1	20.7	22.1	22.9	22.9	24.0	25.4	26.2	36.2	
6.9	13.4	13.2	12.9	13.0	17.6	12.2	10.8	16.6	10.0	16.8	10.3	13.2	10.4	8.0	10.0	15.2	11.2	6.4	6.5	5.5	10.9	20.5	4.4	9.5	6.7	6.8	3.5	5.1	5.3	11.9	13.1	15.0	8.0	13.3	0.0	15.3	5.0	9.6	23.4	16.8	20.2	22.2	31.6	13.9	16.3	21.5	19.2	21.9	15.1	23.4	34.4	23.6	18.5	26.5	19.8	18.2	27.7	22.3	26.4	23.9	28.7	28.0	26.9	27.3	23.0	29.2	29.5	30.8	31.0	38.1	
21.7	20.2	20.9	19.9	18.3	11.4	14.9	16.4	10.4	16.0	9.7	14.7	10.9	12.3	18.7	11.3	7.4	25.5	18.3	18.9	14.0	7.6	35.7	16.4	24.3	21.5	21.6	13.1	10.8	10.3	27.2	28.4	30.4	7.3	28.7	15.3	0.0	10.3	5.9	38.7	32.2	35.4	37.4	46.7	28.3	30.9	36.4	33.9	36.6	28.9	37.9	49.2	37.5	31.2	40.3	32.1	29.7	40.9	34.0	38.7	34.9	41.2	40.2	38.7	38.5	31.2	40.9	40.6	41.8	41.4	45.4	
11.5	14.5	14.6	13.9	13.3	14.3	11.2	10.9	13.2	10.2	13.1	9.7	10.4	8.6	10.4	7.8	11.1	15.7	9.4	9.8	5.9	7.0	25.4	7.1	14.3	11.4	11.5	3.6	2.2	1.6	16.9	18.1	20.0	3.0	18.3	5.0	10.3	0.0	4.6	28.3	21.8	25.1	27.1	36.4	18.3	20.9	26.2	23.8	26.6	19.3	27.9	39.1	27.8	22.1	30.7	23.3	21.2	31.7	25.5	29.9	26.9	32.4	31.5	30.2	30.4	24.8	32.6	32.6	33.9	33.8	39.8	
15.7	17.4	17.8	16.9	15.8	13.1	12.9	13.5	11.9	12.9	11.6	12.0	10.4	10.0	14.3	9.0	9.2	20.3	13.6	14.0	9.6	6.2	30.1	11.4	18.9	16.0	16.1	7.9	5.7	5.1	21.5	22.7	24.6	1.9	22.8	9.6	5.9	4.6	0.0	32.8	26.3	29.4	31.4	40.8	22.3	25.0	30.4	27.9	30.7	23.0	32.0	43.2	31.6	25.4	34.4	26.4	24.1	35.1	28.4	33.0	29.5	35.5	34.6	33.1	33.1	26.4	35.4	35.2	36.5	36.2	41.1	
17.4	27.8	26.6	27.6	29.2	39.0	31.2	28.6	38.3	28.1	38.7	29.4	34.5	31.2	23.6	31.3	37.7	15.9	22.7	22.1	26.4	33.6	6.8	23.5	15.7	18.0	17.9	26.1	28.2	28.6	11.7	10.5	8.5	31.4	10.1	23.4	38.7	28.3	32.8	0.0	6.6	5.2	4.2	9.2	12.5	10.2	6.7	8.6	7.6	13.7	8.6	13.5	11.8	15.8	13.1	17.0	19.0	16.1	18.9	18.3	20.8	18.9	19.4	19.8	21.7	26.5	21.3	23.0	24.2	25.4	36.7	
10.8	23.0	21.9	22.7	24.1	33.1	25.6	23.2	32.3	22.6	32.7	23.8	28.5	25.3	18.1	25.3	31.5	11.2	17.0	16.4	20.3	27.3	7.4	17.5	10.3	12.1	11.9	19.8	21.8	22.1	5.8	4.8	3.3	24.9	4.0	16.8	32.2	21.8	26.3	6.6	0.0	4.1	5.8	14.8	6.7	5.3	6.3	5.8	7.2	8.5	8.9	18.3	11.0	11.8	13.5	13.4	14.6	16.1	15.8	16.9	17.9	18.4	18.4	18.3	19.8	22.3	20.2	21.6	22.9	23.8	34.5	
13.7	27.1	26.0	26.8	28.2	37.0	29.6	27.2	36.2	26.6	36.5	27.8	32.4	29.2	22.2	29.2	35.2	15.3	21.0	20.4	24.1	31.0	9.6	21.3	14.4	16.0	15.9	23.4	25.3	25.6	9.9	8.9	7.4	28.2	8.0	20.2	35.4	25.1	29.4	5.2	4.1	0.0	2.0	11.3	7.7	5.2	2.4	3.4	3.3	8.6	5.0	14.3	7.6	10.6	9.7	11.9	13.8	12.5	13.9	13.9	15.9	15.0	15.3	15.4	17.2	21.3	17.2	18.7	20.0	21.1	32.1	
15.7	28.8	27.6	28.4	29.9	38.9	31.4	29.0	38.1	28.4	38.4	29.6	34.3	31.1	23.9	31.1	37.2	16.9	22.8	22.2	26.0	32.9	9.9	23.2	16.1	17.9	17.7	25.3	27.3	27.5	11.6	10.6	8.9	30.1	9.8	22.2	37.4	27.1	31.4	4.2	5.8	2.0	0.0	9.3	9.6	7.0	2.5	4.7	3.3	10.3	4.5	12.4	7.6	11.8	9.2	12.9	15.1	12.1	14.7	14.1	16.6	14.8	15.2	15.6	17.5	22.4	17.2	18.8	20.0	21.2	32.5	
25.0	37.1	35.9	36.8	38.4	47.9	40.3	37.8	47.2	37.2	47.6	38.5	43.4	40.1	32.7	40.2	46.4	25.2	31.7	31.1	35.2	42.2	15.6	32.3	24.8	26.9	26.7	34.6	36.6	36.9	20.5	19.4	17.5	39.5	18.8	31.6	46.7	36.4	40.8	9.2	14.8	11.3	9.3	0.0	18.7	16.1	10.6	13.3	10.6	18.9	10.0	4.9	12.4	19.1	11.5	19.6	22.4	14.1	20.4	17.5	21.7	16.9	17.8	19.1	21.1	28.6	19.5	21.5	22.2	23.7	35.1	
6.9	23.8	22.9	23.4	24.4	31.4	25.0	22.9	30.5	22.1	30.7	23.0	26.9	23.9	18.1	23.7	29.1	13.5	16.6	16.1	18.7	24.8	13.9	16.2	11.6	11.9	11.8	17.3	19.0	19.1	8.0	8.0	8.2	21.3	7.0	13.9	28.3	18.3	22.3	12.5	6.7	7.7	9.6	18.7	0.0	2.6	8.1	5.5	8.3	2.2	9.6	20.9	9.7	6.4	12.6	8.1	8.4	14.1	10.8	13.5	12.8	15.6	15.2	14.5	15.5	16.0	16.8	17.6	19.0	19.6	29.3	
9.4	25.4	24.4	25.0	26.1	33.7	27.0	24.8	32.8	24.0	33.1	25.0	29.2	26.1	19.9	25.9	31.5	14.4	18.4	17.9	20.9	27.2	12.7	18.3	12.8	13.6	13.4	19.7	21.5	21.6	8.6	8.2	7.8	23.9	7.1	16.3	30.9	20.9	25.0	10.2	5.3	5.2	7.0	16.1	2.6	0.0	5.4	2.9	5.7	3.4	7.0	18.2	7.6	6.5	10.5	8.1	9.3	12.4	10.6	12.4	12.8	14.2	14.0	13.6	14.9	17.0	15.8	16.9	18.2	19.0	29.3	
14.7	29.2	28.2	28.9	30.2	38.6	31.5	29.1	37.8	28.5	38.1	29.6	34.1	30.9	24.1	30.8	36.7	17.5	22.8	22.2	25.7	32.4	12.0	23.0	16.4	17.9	17.7	24.8	26.7	26.8	11.9	11.0	9.6	29.3	10.1	21.5	36.4	26.2	30.4	6.7	6.3	2.4	2.5	10.6	8.1	5.4	0.0	2.6	0.9	8.3	2.6	12.9	5.2	9.4	7.3	10.4	12.7	10.1	12.1	11.7	14.1	12.6	12.9	13.2	15.0	19.9	14.9	16.4	17.7	18.8	30.0	
12.3	27.8	26.8	27.4	28.6	36.5	29.7	27.4	35.7	26.7	35.9	27.7	32.0	28.9	22.4	28.7	34.4	16.4	21.0	20.5	23.7	30.1	12.6	21.0	15.0	16.1	16.0	22.6	24.4	24.5	10.6	9.9	8.9	26.8	8.9	19.2	33.9	23.8	27.9	8.6	5.8	3.4	4.7	13.3	5.5	2.9	2.6	0.0	2.7	5.6	4.1	15.3	5.3	7.1	8.0	8.4	10.4	10.3	10.5	11.1	12.6	12.5	12.6	12.5	14.1	17.8	14.4	15.8	17.1	18.1	28.9	
15.1	30.0	28.9	29.6	30.9	39.1	32.1	29.8	38.3	29.1	38.6	30.2	34.6	31.4	24.7	31.3	37.1	18.3	23.4	22.9	26.3	32.8	12.9	23.6	17.1	18.5	18.4	25.2	27.1	27.2	12.7	11.8	10.5	29.6	10.8	21.9	36.6	26.6	30.7	7.6	7.2	3.3	3.3	10.6	8.3	5.7	0.9	2.7	0.0	8.3	1.7	12.5	4.3	8.9	6.4	9.8	12.2	9.1	11.4	10.8	13.3	11.7	12.0	12.3	14.1	19.3	13.9	15.5	16.7	17.9	29.1	
8.3	25.8	24.9	25.3	26.3	32.8	26.6	24.6	31.8	23.9	32.0	24.6	28.3	25.4	20.0	25.1	30.3	15.7	18.4	18.0	20.2	26.0	15.9	17.8	13.8	13.9	13.8	18.6	20.2	20.2	10.3	10.3	10.4	22.1	9.2	15.1	28.9	19.3	23.0	13.7	8.5	8.6	10.3	18.9	2.2	3.4	8.3	5.6	8.3	0.0	9.2	20.5	8.5	4.1	11.4	5.8	6.2	12.6	8.6	11.6	10.6	13.8	13.2	12.4	13.4	13.8	14.7	15.5	16.9	17.4	27.0	
16.5	31.7	30.6	31.3	32.6	40.7	33.7	31.4	39.8	30.8	40.1	31.8	36.2	33.0	26.4	32.9	38.6	20.0	25.1	24.5	27.8	34.3	14.4	25.1	18.8	20.2	20.0	26.7	28.5	28.7	14.4	13.5	12.2	30.9	12.6	23.4	37.9	27.9	32.0	8.6	8.9	5.0	4.5	10.0	9.6	7.0	2.6	4.1	1.7	9.2	0.0	11.3	3.2	9.0	4.7	9.7	12.3	7.6	10.9	9.6	12.6	10.3	10.7	11.2	13.1	19.0	12.6	14.3	15.5	16.7	28.0	
27.6	41.1	39.9	40.8	42.3	51.3	43.9	41.5	50.5	40.9	50.8	42.1	46.8	43.6	36.4	43.5	49.5	29.1	35.3	34.7	38.5	45.2	20.2	35.7	28.5	30.4	30.2	37.6	39.6	39.7	24.1	23.0	21.2	42.2	22.3	34.4	49.2	39.1	43.2	13.5	18.3	14.3	12.4	4.9	20.9	18.2	12.9	15.3	12.5	20.5	11.3	0.0	12.6	19.7	10.7	19.8	22.7	12.4	19.9	16.1	20.8	14.8	15.9	17.5	19.4	27.9	17.3	19.3	19.8	21.3	32.3	
16.6	33.0	32.0	32.6	33.8	41.2	34.6	32.4	40.2	31.7	40.4	32.6	36.7	33.6	27.5	33.4	38.8	21.7	26.1	25.6	28.4	34.5	17.2	25.8	20.3	21.2	21.1	27.0	28.7	28.7	15.9	15.3	14.3	30.7	14.2	23.6	37.5	27.8	31.6	11.8	11.0	7.6	7.6	12.4	9.7	7.6	5.2	5.3	4.3	8.5	3.2	12.6	0.0	7.0	2.9	7.2	10.0	5.0	7.9	6.4	9.5	7.4	7.6	8.0	9.9	16.1	9.6	11.2	12.4	13.6	24.9	
12.0	29.8	29.0	29.3	30.2	36.1	30.4	28.5	35.1	27.7	35.2	28.4	31.7	28.9	24.0	28.5	33.3	19.9	22.3	21.9	23.8	29.0	19.2	21.6	18.0	18.0	17.8	22.0	23.3	23.2	14.4	14.3	14.2	24.9	13.2	18.5	31.2	22.1	25.4	15.8	11.8	10.6	11.8	19.1	6.4	6.5	9.4	7.1	8.9	4.1	9.0	19.7	7.0	0.0	9.4	1.6	3.3	9.6	4.4	7.8	6.4	10.2	9.5	8.4	9.2	10.7	10.8	11.4	12.8	13.3	23.0	
19.6	35.8	34.8	35.4	36.7	44.1	37.5	35.3	43.2	34.6	43.4	35.5	39.6	36.6	30.4	36.3	41.7	24.4	29.0	28.5	31.3	37.4	19.1	28.8	23.1	24.1	24.0	30.0	31.6	31.6	18.7	18.0	16.8	33.6	16.9	26.5	40.3	30.7	34.4	13.1	13.5	9.7	9.2	11.5	12.6	10.5	7.3	8.0	6.4	11.4	4.7	10.7	2.9	9.4	0.0	9.2	12.1	3.0	9.1	5.9	10.2	5.8	6.5	7.5	9.6	17.2	8.4	10.3	11.3	12.6	24.1	
13.4	31.4	30.6	30.9	31.7	37.3	31.8	29.9	36.3	29.1	36.4	29.8	33.1	30.3	25.5	29.9	34.5	21.6	23.9	23.5	25.2	30.2	20.7	23.0	19.6	19.6	19.5	23.3	24.5	24.4	16.1	16.0	15.8	25.9	14.9	19.8	32.1	23.3	26.4	17.0	13.4	11.9	12.9	19.6	8.1	8.1	10.4	8.4	9.8	5.8	9.7	19.8	7.2	1.6	9.2	0.0	2.8	8.9	2.7	6.6	4.7	9.1	8.2	7.0	7.6	9.4	9.4	9.8	11.2	11.6	21.3	
12.4	30.4	29.7	29.9	30.6	35.5	30.4	28.7	34.4	27.9	34.4	28.4	31.3	28.7	24.5	28.2	32.4	21.5	22.8	22.5	23.7	28.3	22.0	21.8	19.4	18.9	18.8	21.6	22.7	22.5	16.3	16.4	16.6	23.7	15.4	18.2	29.7	21.2	24.1	19.0	14.6	13.8	15.1	22.4	8.4	9.3	12.7	10.4	12.2	6.2	12.3	22.7	10.0	3.3	12.1	2.8	0.0	11.7	4.3	9.0	5.6	11.5	10.5	9.0	9.1	7.6	11.3	11.3	12.6	12.7	21.1	
20.9	37.8	36.9	37.4	38.5	45.4	39.2	37.0	44.4	36.3	44.6	37.2	41.0	38.0	32.2	37.7	42.8	26.7	30.7	30.3	32.8	38.5	22.0	30.4	25.2	26.0	25.8	31.2	32.7	32.7	20.9	20.3	19.3	34.5	19.2	27.7	40.9	31.7	35.1	16.1	16.1	12.5	12.1	14.1	14.1	12.4	10.1	10.3	9.1	12.6	7.6	12.4	5.0	9.6	3.0	8.9	11.7	0.0	7.9	3.6	8.5	2.8	3.7	5.0	7.0	15.5	5.4	7.4	8.3	9.7	21.2	
16.1	34.1	33.3	33.6	34.4	39.7	34.4	32.6	38.7	31.8	38.7	32.4	35.5	32.8	28.2	32.3	36.7	24.3	26.6	26.2	27.7	32.5	23.1	25.7	22.4	22.3	22.2	25.8	26.9	26.7	18.8	18.7	18.4	28.0	17.6	22.3	34.0	25.5	28.4	18.9	15.8	13.9	14.7	20.4	10.8	10.6	12.1	10.5	11.4	8.6	10.9	19.9	7.9	4.4	9.1	2.7	4.3	7.9	0.0	4.8	2.1	7.3	6.2	4.7	5.0	8.1	7.0	7.2	8.5	8.9	18.6	
19.8	37.4	36.5	36.9	37.9	44.0	38.2	36.2	42.9	35.4	43.0	36.2	39.6	36.8	31.6	36.4	41.1	26.8	30.0	29.6	31.7	36.9	23.6	29.4	25.1	25.5	25.4	29.9	31.2	31.1	21.1	20.7	20.0	32.6	19.6	26.4	38.7	29.9	33.0	18.3	16.9	13.9	14.1	17.5	13.5	12.4	11.7	11.1	10.8	11.6	9.6	16.1	6.4	7.8	5.9	6.6	9.0	3.6	4.8	0.0	4.9	2.4	1.6	1.6	3.6	12.0	3.3	4.7	6.0	7.1	18.4	
17.9	35.9	35.2	35.4	36.1	41.1	36.0	34.3	40.1	33.5	40.0	34.0	37.0	34.3	30.0	33.8	38.0	26.4	28.4	28.0	29.4	33.9	25.2	27.4	24.4	24.2	24.1	27.3	28.3	28.1	20.9	20.8	20.5	29.3	19.7	23.9	34.9	26.9	29.5	20.8	17.9	15.9	16.6	21.7	12.8	12.8	14.1	12.6	13.3	10.6	12.6	20.8	9.5	6.4	10.2	4.7	5.6	8.5	2.1	4.9	0.0	7.1	5.8	4.1	3.5	7.0	6.0	5.7	7.0	7.1	16.5	
22.0	39.5	38.6	39.0	40.0	46.3	40.4	38.4	45.3	37.7	45.4	38.4	42.0	39.1	33.8	38.7	43.5	28.7	32.2	31.7	34.0	39.3	24.6	31.6	27.0	27.6	27.4	32.2	33.6	33.5	22.9	22.4	21.5	35.0	21.3	28.7	41.2	32.4	35.5	18.9	18.4	15.0	14.8	16.9	15.6	14.2	12.6	12.5	11.7	13.8	10.3	14.8	7.4	10.2	5.8	9.1	11.5	2.8	7.3	2.4	7.1	0.0	1.2	3.0	4.6	13.9	2.6	4.6	5.4	6.9	18.3	
21.4	39.0	38.2	38.6	39.5	45.6	39.9	37.9	44.6	37.1	44.6	37.9	41.3	38.5	33.3	38.1	42.7	28.4	31.7	31.3	33.3	38.5	24.9	31.1	26.7	27.1	27.0	31.5	32.8	32.7	22.7	22.2	21.5	34.1	21.1	28.0	40.2	31.5	34.6	19.4	18.4	15.3	15.2	17.8	15.2	14.0	12.9	12.6	12.0	13.2	10.7	15.9	7.6	9.5	6.5	8.2	10.5	3.7	6.2	1.6	5.8	1.2	0.0	1.7	3.4	12.7	1.9	3.7	4.8	6.1	17.5	
20.4	38.2	37.4	37.7	38.6	44.4	38.8	36.9	43.3	36.1	43.4	36.8	40.1	37.3	32.4	36.9	41.4	27.9	30.8	30.4	32.2	37.2	25.1	30.0	26.1	26.3	26.2	30.4	31.5	31.4	22.2	21.8	21.3	32.8	20.7	26.9	38.7	30.2	33.1	19.8	18.3	15.4	15.6	19.1	14.5	13.6	13.2	12.5	12.3	12.4	11.2	17.5	8.0	8.4	7.5	7.0	9.0	5.0	4.7	1.6	4.1	3.0	1.7	0.0	2.0	10.9	2.3	3.3	4.6	5.6	16.8	
21.1	39.0	38.2	38.6	39.4	44.6	39.4	37.6	43.6	36.8	43.6	37.4	40.4	37.8	33.2	37.3	41.5	29.1	31.5	31.2	32.7	37.4	26.7	30.7	27.2	27.2	27.1	30.7	31.8	31.6	23.4	23.2	22.7	32.8	22.1	27.3	38.5	30.4	33.1	21.7	19.8	17.2	17.5	21.1	15.5	14.9	15.0	14.1	14.1	13.4	13.1	19.4	9.9	9.2	9.6	7.6	9.1	7.0	5.0	3.6	3.5	4.6	3.4	2.0	0.0	9.5	2.7	2.2	3.5	4.0	14.9	
18.6	36.2	35.6	35.6	36.0	39.0	35.2	33.9	37.9	33.0	37.7	33.3	35.2	33.1	30.3	32.4	35.5	28.4	28.6	28.4	28.6	31.6	29.7	27.1	26.3	25.3	25.2	26.1	26.6	26.3	23.7	23.9	24.2	26.6	22.9	23.0	31.2	24.8	26.4	26.5	22.3	21.3	22.4	28.6	16.0	17.0	19.9	17.8	19.3	13.8	19.0	27.9	16.1	10.7	17.2	9.4	7.6	15.5	8.1	12.0	7.0	13.9	12.7	10.9	9.5	0.0	12.2	11.0	11.7	10.9	15.1	
22.8	40.6	39.7	40.1	41.0	46.7	41.2	39.3	45.7	38.5	45.7	39.2	42.5	39.7	34.8	39.3	43.8	30.1	33.2	32.7	34.6	39.6	26.8	32.4	28.4	28.7	28.6	32.7	33.9	33.8	24.4	24.0	23.3	35.1	22.9	29.2	40.9	32.6	35.4	21.3	20.2	17.2	17.2	19.5	16.8	15.8	14.9	14.4	13.9	14.7	12.6	17.3	9.6	10.8	8.4	9.4	11.3	5.4	7.0	3.3	6.0	2.6	1.9	2.3	2.7	12.2	0.0	1.9	2.8	4.2	15.7	
23.3	41.2	40.4	40.7	41.6	46.8	41.6	39.8	45.8	39.0	45.8	39.6	42.7	40.0	35.4	39.5	43.8	31.1	33.7	33.4	35.0	39.6	28.3	32.9	29.3	29.4	29.3	33.0	34.0	33.9	25.4	25.1	24.6	35.0	24.0	29.5	40.6	32.6	35.2	23.0	21.6	18.7	18.8	21.5	17.6	16.9	16.4	15.8	15.5	15.5	14.3	19.3	11.2	11.4	10.3	9.8	11.3	7.4	7.2	4.7	5.7	4.6	3.7	3.3	2.2	11.0	1.9	0.0	1.3	2.3	13.8	
24.7	42.6	41.8	42.1	42.9	48.2	43.0	41.2	47.1	40.4	47.1	41.0	44.0	41.3	36.8	40.8	45.0	32.5	35.1	34.7	36.3	40.9	29.6	34.2	30.7	30.8	30.7	34.3	35.4	35.2	26.8	26.5	25.9	36.3	25.4	30.8	41.8	33.9	36.5	24.2	22.9	20.0	20.0	22.2	19.0	18.2	17.7	17.1	16.7	16.9	15.5	19.8	12.4	12.8	11.3	11.2	12.6	8.3	8.5	6.0	7.0	5.4	4.8	4.6	3.5	11.7	2.8	1.3	0.0	1.5	12.8	
25.0	43.0	42.2	42.5	43.3	48.1	43.2	41.4	47.1	40.6	47.0	41.2	44.0	41.4	37.1	40.9	44.9	33.2	35.5	35.1	36.5	40.8	30.7	34.5	31.3	31.2	31.1	34.4	35.4	35.1	27.5	27.2	26.8	36.1	26.2	31.0	41.4	33.8	36.2	25.4	23.8	21.1	21.2	23.7	19.6	19.0	18.8	18.1	17.9	17.4	16.7	21.3	13.6	13.3	12.6	11.6	12.7	9.7	8.9	7.1	7.1	6.9	6.1	5.6	4.0	10.9	4.2	2.3	1.5	0.0	11.4	
33.3	51.2	50.6	50.7	51.1	53.9	50.3	49.0	52.8	48.1	52.6	48.4	50.3	48.2	45.3	47.5	50.2	42.6	43.6	43.3	43.7	46.6	41.6	42.2	40.6	40.0	39.9	41.3	41.7	41.3	37.3	37.3	37.1	41.5	36.2	38.1	45.4	39.8	41.1	36.7	34.5	32.1	32.5	35.1	29.3	29.3	30.0	28.9	29.1	27.0	28.0	32.3	24.9	23.0	24.1	21.3	21.1	21.2	18.6	18.4	16.5	18.3	17.5	16.8	14.9	15.1	15.7	13.8	12.8	11.4	0.0	
