PLANT: 2
N:	71
vehicle:	10
qnum:	3
capacity:	100
number	DEMAND	READY_TIME	DUE_DATE	SERVICE_TIME
depot	0	0	600	0
STATION
1		38	216	336	10
2		35	175	295	10
3		33	203	443	10
4		21	264	504	10
5		21	326	566	10
6		29	220	340	10
7		28	236	476	10
8		20	113	353	10
9		22	338	458	10
10		27	192	432	10
11		28	18	258	10
12		28	207	327	10
13		31	197	437	10
14		29	453	573	10
15		29	322	562	10
16		38	28	148	10
17		38	147	387	10
18		21	245	365	10
19		20	333	513	10
20		38	254	374	10
21		36	351	471	10
22		20	264	384	10
23		31	45	165	10
24		22	73	193	10
25		24	320	440	10
26		23	43	283	10
27		26	388	508	10
28		35	168	408	10
29		30	49	289	10
30		22	12	252	10
31		34	5	125	10
32		24	241	421	10
33		30	297	417	10
34		26	226	466	10
35		22	143	263	10
36		36	29	209	10
37		33	144	324	10
38		24	49	229	10
39		24	275	515	10
40		30	259	379	10
41		23	248	368	10
42		21	297	537	10
43		38	99	279	10
44		32	123	303	10
45		26	52	172	10
46		29	281	521	10
47		25	188	368	10
48		32	316	496	10
49		26	155	275	10
50		36	231	471	10
51		27	38	218	10
52		28	359	539	10
53		34	90	330	10
54		35	235	415	10
55		25	176	356	10
56		34	201	441	10
57		36	189	309	10
58		22	382	562	10
59		36	283	463	10
60		27	378	558	10
61		37	429	549	10
62		34	199	439	10
63		22	314	434	10
64		37	334	514	10
65		24	279	459	10
66		22	188	368	10
67		20	367	487	10
68		38	154	394	10
69		21	215	455	10
70		39	205	325	10
MARTRIX
0.0	18.0	17.5	16.3	17.1	20.1	23.5	15.7	23.7	20.0	17.1	23.2	15.8	12.1	21.8	22.1	10.3	20.1	16.0	10.4	10.1	17.2	11.9	17.8	9.3	8.0	13.8	6.7	9.9	5.8	12.0	12.1	11.3	9.9	11.0	6.9	17.4	17.2	16.7	16.1	9.9	13.7	6.9	10.9	14.7	8.4	15.5	27.6	19.5	16.6	10.0	12.0	19.5	19.6	14.6	16.5	16.0	15.3	20.9	16.1	19.8	20.7	17.1	15.9	21.4	21.9	22.8	23.3	24.7	25.0	33.3	
18.0	0.0	0.5	1.7	2.1	9.1	13.3	4.4	14.1	10.1	7.9	14.6	6.8	5.9	14.1	14.6	11.9	13.4	9.7	7.5	7.9	11.9	8.6	12.6	8.9	12.8	10.7	11.9	10.5	13.8	12.3	13.0	13.2	19.8	13.9	13.4	27.8	27.9	27.7	18.4	24.4	27.1	23.8	26.5	29.2	25.5	31.3	41.1	34.7	33.0	28.1	29.8	35.8	35.8	32.2	33.6	33.4	33.3	37.8	34.1	37.4	38.1	35.2	33.7	39.0	39.5	40.6	41.2	42.6	43.0	51.2	
17.5	0.5	0.0	1.4	1.7	8.9	13.2	3.9	13.9	9.9	7.6	14.4	6.3	5.3	13.9	14.3	11.6	13.1	9.2	7.0	7.4	11.5	8.0	12.2	8.4	12.4	10.2	11.4	10.0	13.3	11.8	12.4	12.6	19.5	13.3	12.9	27.6	27.6	27.4	17.9	24.0	26.8	23.4	26.0	28.9	25.1	30.9	40.8	34.3	32.6	27.6	29.3	35.4	35.4	31.7	33.2	33.0	32.8	37.4	33.6	36.9	37.7	34.7	33.2	38.6	39.0	40.1	40.7	42.1	42.5	50.7	
16.3	1.7	1.4	0.0	2.4	9.7	14.1	4.0	14.8	10.6	8.0	15.2	6.6	4.2	14.5	15.0	10.2	13.6	9.5	5.9	6.1	11.8	7.5	12.5	7.3	11.0	10.0	10.1	9.3	12.0	11.4	12.1	12.2	18.1	12.9	12.0	26.2	26.2	26.0	17.8	22.6	25.4	22.0	24.7	27.5	23.7	29.5	39.4	32.9	31.2	26.3	28.0	34.0	34.1	30.4	31.8	31.7	31.5	36.0	32.3	35.6	36.3	33.5	32.1	37.3	37.7	38.8	39.5	40.8	41.2	49.5	
17.1	2.1	1.7	2.4	0.0	7.3	11.6	2.3	12.3	8.2	5.8	12.8	4.6	5.1	12.2	12.6	12.3	11.3	7.5	6.6	7.1	9.7	6.7	10.4	7.7	12.7	8.5	11.4	8.8	13.4	10.3	10.9	11.2	20.0	11.9	11.9	28.2	28.2	28.0	16.3	24.2	27.1	23.2	26.1	29.1	24.9	31.0	41.3	34.6	32.6	27.1	29.0	35.5	35.5	31.5	33.1	32.8	32.4	37.4	33.2	36.7	37.5	34.3	32.5	38.4	38.8	39.8	40.4	41.8	42.1	50.0	
20.1	9.1	8.9	9.7	7.3	0.0	4.4	6.2	5.0	1.1	3.0	5.5	4.5	10.6	5.1	5.5	18.5	4.7	4.3	11.4	12.0	4.9	8.2	5.2	11.5	18.3	6.8	16.2	10.1	18.3	9.1	9.5	10.2	25.6	10.8	13.4	34.1	34.1	33.8	12.4	28.9	32.2	27.0	30.5	33.9	28.5	35.3	46.6	39.2	36.7	29.4	31.9	39.5	39.6	34.7	36.6	36.2	34.9	41.1	35.7	39.8	40.8	36.5	33.7	41.5	42.0	42.7	42.9	44.3	44.4	50.8	
23.5	13.3	13.2	14.1	11.6	4.4	0.0	10.6	0.8	3.8	7.0	2.0	8.7	14.9	2.9	3.0	22.8	4.2	7.5	15.6	16.2	6.5	12.0	6.2	15.6	22.6	9.7	20.3	13.6	22.4	11.7	11.9	12.7	29.7	13.2	16.6	38.3	38.2	37.9	12.7	32.7	36.2	30.5	34.2	37.8	31.9	39.0	50.5	42.9	40.2	32.3	35.1	43.1	43.2	37.9	40.0	39.4	37.9	44.4	38.7	42.9	43.9	39.3	36.1	44.6	45.1	45.7	45.8	47.1	47.1	52.8	
15.7	4.4	3.9	4.0	2.3	6.2	10.6	0.0	11.2	6.9	4.0	11.5	2.5	4.5	10.7	11.1	12.3	9.6	5.4	5.6	6.2	7.7	4.5	8.4	6.3	12.4	6.2	10.6	6.7	12.7	7.9	8.6	8.9	19.7	9.6	10.0	28.1	28.1	27.8	14.0	23.5	26.6	22.1	25.3	28.5	23.7	30.2	40.9	33.9	31.7	25.5	27.7	34.5	34.6	30.2	32.0	31.6	31.0	36.3	31.8	35.4	36.3	32.7	30.7	37.1	37.6	38.5	39.0	40.4	40.6	48.1	
23.7	14.1	13.9	14.8	12.3	5.0	0.8	11.2	0.0	4.3	7.5	1.2	9.2	15.5	2.4	2.4	23.3	3.9	7.8	16.1	16.7	6.5	12.4	6.1	16.0	23.0	9.9	20.7	13.8	22.8	11.8	11.9	12.8	30.1	13.2	16.8	38.7	38.7	38.3	12.3	33.0	36.5	30.7	34.4	38.1	32.1	39.2	50.8	43.2	40.4	32.3	35.2	43.3	43.4	38.0	40.1	39.5	37.9	44.6	38.7	43.0	44.0	39.2	36.0	44.6	45.2	45.7	45.8	47.1	47.0	52.6	
20.0	10.1	9.9	10.6	8.2	1.1	3.8	6.9	4.3	0.0	3.2	4.6	4.9	11.1	4.0	4.4	19.0	3.6	4.0	11.7	12.4	4.0	8.3	4.2	11.8	18.7	6.4	16.4	10.0	18.6	8.6	8.9	9.7	25.9	10.3	13.2	34.5	34.4	34.1	11.4	29.0	32.4	26.9	30.5	34.1	28.4	35.4	46.8	39.3	36.7	29.1	31.7	39.5	39.6	34.5	36.5	36.0	34.7	41.0	35.5	39.6	40.6	36.2	33.3	41.3	41.8	42.5	42.7	44.0	44.0	50.3	
17.1	7.9	7.6	8.0	5.8	3.0	7.0	4.0	7.5	3.2	0.0	7.6	1.7	7.9	6.7	7.1	15.8	5.6	2.0	8.5	9.1	3.9	5.2	4.6	8.5	15.5	4.2	13.2	7.1	15.3	6.5	7.0	7.6	22.7	8.3	10.4	31.2	31.2	30.8	11.1	25.8	29.2	23.9	27.4	30.9	25.4	32.3	43.6	36.1	33.6	26.4	28.9	36.5	36.6	31.6	33.6	33.1	32.0	38.0	32.8	36.8	37.7	33.6	31.0	38.5	39.0	39.7	40.0	41.3	41.4	48.2	
23.2	14.6	14.4	15.2	12.8	5.5	2.0	11.5	1.2	4.6	7.6	0.0	9.3	15.5	1.4	1.2	23.4	3.1	7.5	16.0	16.6	5.9	12.1	5.4	15.8	22.9	9.4	20.5	13.4	22.5	11.2	11.2	12.1	30.0	12.5	16.2	38.5	38.5	38.1	11.1	32.6	36.2	30.2	34.0	37.6	31.6	38.7	50.5	42.7	39.9	31.6	34.5	42.7	42.8	37.3	39.5	38.9	37.1	43.9	37.9	42.3	43.3	38.4	35.1	43.9	44.5	45.0	45.0	46.3	46.2	51.5	
15.8	6.8	6.3	6.6	4.6	4.5	8.7	2.5	9.2	4.9	1.7	9.3	0.0	6.2	8.4	8.8	14.1	7.2	2.9	6.8	7.4	5.1	3.9	5.9	7.0	13.8	4.2	11.6	6.1	13.8	6.2	6.8	7.3	21.0	8.0	9.5	29.6	29.5	29.2	11.7	24.4	27.7	22.6	26.0	29.4	24.1	30.9	42.0	34.7	32.3	25.4	27.8	35.1	35.2	30.4	32.3	31.9	30.9	36.7	31.7	35.6	36.6	32.6	30.2	37.3	37.8	38.6	38.9	40.3	40.5	47.5	
12.1	5.9	5.3	4.2	5.1	10.6	14.9	4.5	15.5	11.1	7.9	15.5	6.2	0.0	14.6	15.0	7.8	13.2	8.5	1.7	2.0	10.7	4.7	11.6	3.1	7.9	8.0	6.2	5.8	8.3	8.6	9.3	9.1	15.2	9.7	8.0	23.6	23.6	23.3	15.3	19.1	22.2	18.1	21.0	24.1	19.8	25.9	36.4	29.5	27.5	22.2	24.0	30.3	30.4	26.4	28.0	27.7	27.4	32.2	28.2	31.6	32.4	29.3	27.8	33.3	33.7	34.8	35.4	36.8	37.1	45.3	
21.8	14.1	13.9	14.5	12.2	5.1	2.9	10.7	2.4	4.0	6.7	1.4	8.4	14.6	0.0	0.4	22.3	1.7	6.3	14.9	15.5	4.6	10.9	4.0	14.6	21.8	8.0	19.3	12.1	21.3	9.8	9.8	10.7	28.7	11.1	14.9	37.3	37.2	36.9	9.8	31.3	34.9	28.8	32.6	36.3	30.2	37.4	49.2	41.4	38.5	30.1	33.1	41.3	41.4	35.9	38.0	37.5	35.7	42.5	36.5	40.9	41.9	37.0	33.6	42.5	43.0	43.5	43.5	44.8	44.7	50.1	
22.1	14.6	14.3	15.0	12.6	5.5	3.0	11.1	2.4	4.4	7.1	1.2	8.8	15.0	0.4	0.0	22.7	2.0	6.7	15.3	15.9	4.9	11.3	4.3	15.0	22.2	8.4	19.7	12.5	21.7	10.1	10.0	10.9	29.1	11.3	15.2	37.7	37.6	37.3	9.8	31.7	35.2	29.1	33.0	36.7	30.5	37.7	49.5	41.7	38.8	30.4	33.3	41.6	41.7	36.2	38.3	37.7	35.9	42.8	36.7	41.1	42.2	37.2	33.8	42.7	43.3	43.8	43.8	45.0	44.9	50.2	
10.3	11.9	11.6	10.2	12.3	18.5	22.8	12.3	23.3	19.0	15.8	23.4	14.1	7.8	22.3	22.7	0.0	20.9	16.0	7.4	6.8	18.2	11.6	19.0	8.0	2.2	15.0	4.5	11.4	4.4	14.7	15.2	14.7	7.9	15.0	11.2	15.9	16.0	15.8	21.1	13.0	15.3	13.5	15.2	17.5	15.2	19.9	29.1	23.0	21.7	19.2	19.9	24.4	24.4	21.8	22.8	22.8	23.6	26.7	24.3	26.8	27.4	25.8	25.7	28.4	28.8	30.1	31.1	32.5	33.2	42.6	
20.1	13.4	13.1	13.6	11.3	4.7	4.2	9.6	3.9	3.6	5.6	3.1	7.2	13.2	1.7	2.0	20.9	0.0	4.8	13.4	14.1	2.9	9.3	2.2	13.1	20.2	6.4	17.7	10.5	19.7	8.0	8.1	8.9	27.2	9.4	13.1	35.7	35.6	35.3	8.5	29.6	33.2	27.1	30.9	34.6	28.4	35.7	47.5	39.7	36.8	28.4	31.3	39.6	39.7	34.2	36.3	35.7	34.0	40.8	34.8	39.2	40.2	35.3	32.0	40.8	41.3	41.8	41.8	43.1	43.0	48.6	
16.0	9.7	9.2	9.5	7.5	4.3	7.5	5.4	7.8	4.0	2.0	7.5	2.9	8.5	6.3	6.7	16.0	4.8	0.0	8.6	9.2	2.3	4.6	3.1	8.3	15.4	2.4	13.0	6.1	15.0	4.7	5.1	5.8	22.4	6.5	9.2	31.0	30.9	30.6	9.0	25.2	28.7	23.0	26.7	30.2	24.4	31.5	43.0	35.4	32.7	25.1	27.7	35.6	35.6	30.5	32.5	32.0	30.7	37.0	31.4	35.6	36.6	32.1	29.3	37.2	37.8	38.4	38.6	39.9	40.0	46.4	
10.4	7.5	7.0	5.9	6.6	11.4	15.6	5.6	16.1	11.7	8.5	16.0	6.8	1.7	14.9	15.3	7.4	13.4	8.6	0.0	0.6	10.8	4.3	11.6	1.5	6.9	7.7	4.9	4.7	7.0	7.8	8.4	8.1	14.2	8.7	6.4	22.7	22.6	22.4	14.5	17.8	21.0	16.6	19.6	22.8	18.2	24.5	35.3	28.2	26.1	20.5	22.3	28.9	29.0	24.8	26.4	26.2	25.8	30.7	26.6	30.0	30.9	27.6	26.1	31.7	32.1	33.2	33.7	35.1	35.5	43.6	
10.1	7.9	7.4	6.1	7.1	12.0	16.2	6.2	16.7	12.4	9.1	16.6	7.4	2.0	15.5	15.9	6.8	14.1	9.2	0.6	0.0	11.4	4.8	12.2	1.7	6.3	8.2	4.3	5.1	6.5	8.3	8.9	8.5	13.6	9.0	6.5	22.1	22.0	21.7	15.0	17.3	20.4	16.1	19.1	22.2	17.8	24.0	34.7	27.6	25.6	20.2	21.9	28.4	28.5	24.4	26.0	25.7	25.4	30.3	26.2	29.6	30.4	27.3	25.9	31.3	31.7	32.7	33.4	34.7	35.1	43.3	
17.2	11.9	11.5	11.8	9.7	4.9	6.5	7.7	6.5	4.0	3.9	5.9	5.1	10.7	4.6	4.9	18.2	2.9	2.3	10.8	11.4	0.0	6.6	0.8	10.3	17.4	3.5	14.8	7.5	16.8	5.2	5.3	6.2	24.3	6.7	10.3	32.8	32.8	32.4	7.4	26.7	30.3	24.2	28.0	31.7	25.6	32.8	44.6	36.8	33.9	25.7	28.6	36.7	36.8	31.4	33.5	32.9	31.3	38.0	32.1	36.4	37.4	32.7	29.6	38.0	38.6	39.1	39.2	40.5	40.5	46.4	
11.9	8.6	8.0	7.5	6.7	8.2	12.0	4.5	12.4	8.3	5.2	12.1	3.9	4.7	10.9	11.3	11.6	9.3	4.6	4.3	4.8	6.6	0.0	7.3	3.7	10.9	3.3	8.3	2.2	10.4	3.9	4.6	4.6	17.8	5.3	5.5	26.4	26.3	26.0	10.6	20.7	24.1	18.7	22.2	25.7	20.2	27.1	38.5	30.9	28.4	21.4	23.8	31.3	31.3	26.5	28.4	28.0	26.9	32.8	27.7	31.7	32.6	28.6	26.3	33.3	33.8	34.6	35.0	36.3	36.5	43.7	
17.8	12.6	12.2	12.5	10.4	5.2	6.2	8.4	6.1	4.2	4.6	5.4	5.9	11.6	4.0	4.3	19.0	2.2	3.1	11.6	12.2	0.8	7.3	0.0	11.0	18.2	4.2	15.6	8.3	17.6	5.7	5.8	6.6	25.0	7.1	10.9	33.6	33.5	33.1	7.2	27.4	31.0	24.8	28.7	32.4	26.2	33.4	45.2	37.4	34.5	26.2	29.0	37.3	37.4	31.9	34.0	33.5	31.8	38.5	32.5	36.9	37.9	33.1	29.9	38.5	39.0	39.6	39.6	40.9	40.8	46.6	
9.3	8.9	8.4	7.3	7.7	11.5	15.6	6.3	16.0	11.8	8.5	15.8	7.0	3.1	14.6	15.0	8.0	13.1	8.3	1.5	1.7	10.3	3.7	11.0	0.0	7.1	6.9	4.6	3.4	6.7	6.7	7.3	6.9	14.1	7.3	4.9	22.7	22.6	22.3	13.3	17.3	20.6	15.8	19.0	22.4	17.4	23.9	35.0	27.7	25.4	19.3	21.3	28.2	28.3	23.8	25.6	25.3	24.7	29.9	25.5	29.1	29.9	26.5	24.8	30.7	31.2	32.2	32.7	34.0	34.3	42.3	
8.0	12.8	12.4	11.0	12.7	18.3	22.6	12.4	23.0	18.7	15.5	22.9	13.8	7.9	21.8	22.2	2.2	20.2	15.4	6.9	6.3	17.4	10.9	18.2	7.1	0.0	14.1	2.8	10.2	2.1	13.5	13.9	13.3	7.3	13.6	9.5	15.7	15.7	15.4	19.7	11.6	14.4	11.6	13.7	16.4	13.3	18.5	28.5	21.9	20.3	17.1	18.0	23.0	23.1	20.0	21.2	21.1	21.6	25.2	22.4	25.1	25.8	23.8	23.5	26.7	27.1	28.4	29.3	30.7	31.3	40.6	
13.8	10.7	10.2	10.0	8.5	6.8	9.7	6.2	9.9	6.4	4.2	9.4	4.2	8.0	8.0	8.4	15.0	6.4	2.4	7.7	8.2	3.5	3.3	4.2	6.9	14.1	0.0	11.4	4.0	13.4	2.2	2.7	3.4	20.8	4.1	6.9	29.4	29.3	28.9	7.7	23.2	26.8	20.8	24.5	28.2	22.2	29.3	41.1	33.3	30.5	22.7	25.4	33.4	33.4	28.1	30.2	29.7	28.2	34.7	29.0	33.2	34.2	29.7	26.9	34.9	35.4	36.0	36.2	37.5	37.6	44.0	
6.7	11.9	11.4	10.1	11.4	16.2	20.3	10.6	20.7	16.4	13.2	20.5	11.6	6.2	19.3	19.7	4.5	17.7	13.0	4.9	4.3	14.8	8.3	15.6	4.6	2.8	11.4	0.0	7.5	2.1	10.7	11.1	10.5	9.4	10.7	6.7	18.0	18.0	17.6	16.8	12.9	16.0	11.9	14.7	17.9	13.6	19.6	30.4	23.3	21.2	16.5	18.0	24.0	24.1	20.3	21.7	21.5	21.5	26.0	22.3	25.5	26.2	23.5	22.7	27.1	27.6	28.7	29.4	30.8	31.2	40.0	
9.9	10.5	10.0	9.3	8.8	10.1	13.6	6.7	13.8	10.0	7.1	13.4	6.1	5.8	12.1	12.5	11.4	10.5	6.1	4.7	5.1	7.5	2.2	8.3	3.4	10.2	4.0	7.5	0.0	9.3	3.2	3.8	3.4	16.8	3.9	3.3	25.3	25.2	24.8	9.8	19.1	22.7	16.9	20.6	24.2	18.4	25.4	37.0	29.3	26.6	19.3	21.8	29.5	29.5	24.5	26.5	26.0	24.8	30.9	25.6	29.6	30.6	26.5	24.1	31.3	31.8	32.6	32.9	34.2	34.4	41.5	
5.8	13.8	13.3	12.0	13.4	18.3	22.4	12.7	22.8	18.6	15.3	22.5	13.8	8.3	21.3	21.7	4.4	19.7	15.0	7.0	6.5	16.8	10.4	17.6	6.7	2.1	13.4	2.1	9.3	0.0	12.4	12.8	12.1	7.4	12.3	8.0	16.0	15.9	15.5	18.3	10.8	13.9	10.1	12.7	15.7	11.8	17.6	28.2	21.1	19.2	15.2	16.3	22.0	22.1	18.5	19.8	19.7	19.9	24.0	20.7	23.6	24.4	22.0	21.5	25.3	25.7	26.9	27.7	29.1	29.6	38.7	
12.0	12.3	11.8	11.4	10.3	9.1	11.7	7.9	11.8	8.6	6.5	11.2	6.2	8.6	9.8	10.1	14.7	8.0	4.7	7.8	8.3	5.2	3.9	5.7	6.7	13.5	2.2	10.7	3.2	12.4	0.0	0.7	1.1	19.8	1.8	5.1	28.2	28.1	27.7	6.7	21.7	25.3	19.0	22.9	26.7	20.4	27.6	39.6	31.6	28.7	20.5	23.3	31.5	31.6	26.1	28.2	27.7	26.1	32.7	26.9	31.2	32.2	27.5	24.6	32.8	33.3	33.9	34.0	35.4	35.4	41.7	
12.1	13.0	12.4	12.1	10.9	9.5	11.9	8.6	11.9	8.9	7.0	11.2	6.8	9.3	9.8	10.0	15.2	8.1	5.1	8.4	8.9	5.3	4.6	5.8	7.3	13.9	2.7	11.1	3.8	12.8	0.7	0.0	0.8	20.1	1.3	5.3	28.6	28.4	28.0	6.1	21.9	25.6	19.1	23.0	26.8	20.4	27.7	39.7	31.7	28.7	20.4	23.2	31.6	31.6	26.1	28.2	27.6	26.0	32.7	26.7	31.1	32.1	27.3	24.3	32.7	33.2	33.8	33.9	35.2	35.1	41.3	
11.3	13.2	12.6	12.2	11.2	10.2	12.7	8.9	12.8	9.7	7.6	12.1	7.3	9.1	10.7	10.9	14.7	8.9	5.8	8.1	8.5	6.2	4.6	6.6	6.9	13.3	3.4	10.5	3.4	12.1	1.1	0.8	0.0	19.4	0.7	4.4	27.8	27.7	27.2	6.4	21.0	24.7	18.2	22.2	26.0	19.5	26.8	38.9	30.8	27.8	19.5	22.4	30.7	30.7	25.2	27.3	26.8	25.1	31.8	25.9	30.2	31.2	26.5	23.5	31.8	32.4	32.9	33.0	34.3	34.3	40.6	
9.9	19.8	19.5	18.1	20.0	25.6	29.7	19.7	30.1	25.9	22.7	30.0	21.0	15.2	28.7	29.1	7.9	27.2	22.4	14.2	13.6	24.3	17.8	25.0	14.1	7.3	20.8	9.4	16.8	7.4	19.8	20.1	19.4	0.0	19.4	15.0	8.5	8.5	8.1	25.2	5.7	7.4	8.2	8.1	9.6	9.5	12.3	21.2	15.1	14.3	14.7	14.2	16.8	16.8	15.3	15.8	16.1	17.8	19.3	18.4	20.0	20.4	20.1	21.4	21.5	21.7	23.3	24.6	25.9	26.8	37.1	
11.0	13.9	13.3	12.9	11.9	10.8	13.2	9.6	13.2	10.3	8.3	12.5	8.0	9.7	11.1	11.3	15.0	9.4	6.5	8.7	9.0	6.7	5.3	7.1	7.3	13.6	4.1	10.7	3.9	12.3	1.8	1.3	0.7	19.4	0.0	4.4	27.8	27.6	27.2	6.1	20.9	24.6	18.0	21.9	25.8	19.2	26.5	38.7	30.6	27.5	19.0	21.9	30.4	30.4	24.8	27.0	26.4	24.6	31.4	25.4	29.7	30.8	26.0	22.9	31.4	31.9	32.4	32.5	33.8	33.8	39.9	
6.9	13.4	12.9	12.0	11.9	13.4	16.6	10.0	16.8	13.2	10.4	16.2	9.5	8.0	14.9	15.2	11.2	13.1	9.2	6.4	6.5	10.3	5.5	10.9	4.9	9.5	6.9	6.7	3.3	8.0	5.1	5.3	4.4	15.0	4.4	0.0	23.4	23.2	22.8	10.2	16.6	20.2	13.9	17.8	21.5	15.3	22.5	34.4	26.5	23.6	15.9	18.5	26.5	26.5	21.2	23.3	22.8	21.5	27.7	22.3	26.4	27.3	23.1	20.7	28.0	28.5	29.2	29.5	30.8	31.0	38.1	
17.4	27.8	27.6	26.2	28.2	34.1	38.3	28.1	38.7	34.5	31.2	38.5	29.6	23.6	37.3	37.7	15.9	35.7	31.0	22.7	22.1	32.8	26.4	33.6	22.7	15.7	29.4	18.0	25.3	16.0	28.2	28.6	27.8	8.5	27.8	23.4	0.0	0.3	0.9	33.4	8.2	5.2	12.5	9.2	6.7	12.8	9.8	13.5	10.1	11.8	18.0	15.8	13.1	13.1	15.4	14.5	15.2	18.6	16.1	18.9	18.3	18.2	20.7	23.9	19.4	19.4	21.3	23.0	24.2	25.4	36.7	
17.2	27.9	27.6	26.2	28.2	34.1	38.2	28.1	38.7	34.4	31.2	38.5	29.5	23.6	37.2	37.6	16.0	35.6	30.9	22.6	22.0	32.8	26.3	33.5	22.6	15.7	29.3	18.0	25.2	15.9	28.1	28.4	27.7	8.5	27.6	23.2	0.3	0.0	0.6	33.2	8.0	4.9	12.2	8.9	6.4	12.5	9.5	13.4	9.9	11.5	17.7	15.5	12.8	12.8	15.0	14.1	14.9	18.2	15.8	18.6	17.9	17.8	20.4	23.6	19.0	19.0	21.0	22.7	23.8	25.1	36.4	
16.7	27.7	27.4	26.0	28.0	33.8	37.9	27.8	38.3	34.1	30.8	38.1	29.2	23.3	36.9	37.3	15.8	35.3	30.6	22.4	21.7	32.4	26.0	33.1	22.3	15.4	28.9	17.6	24.8	15.5	27.7	28.0	27.2	8.1	27.2	22.8	0.9	0.6	0.0	32.7	7.3	4.2	11.6	8.2	5.8	11.8	8.9	13.5	9.5	10.9	17.1	14.8	12.3	12.3	14.4	13.5	14.3	17.6	15.3	18.0	17.4	17.3	19.7	22.9	18.5	18.5	20.5	22.1	23.3	24.5	35.8	
16.1	18.4	17.9	17.8	16.3	12.4	12.7	14.0	12.3	11.4	11.1	11.1	11.7	15.3	9.8	9.8	21.1	8.5	9.0	14.5	15.0	7.4	10.6	7.2	13.3	19.7	7.7	16.8	9.8	18.3	6.7	6.1	6.4	25.2	6.1	10.2	33.4	33.2	32.7	0.0	26.1	29.8	22.6	26.8	30.7	23.6	31.1	43.6	35.2	31.8	22.2	25.5	34.5	34.6	28.4	30.8	30.0	27.6	35.2	28.3	33.0	34.1	28.5	24.6	34.5	35.1	35.3	35.1	36.3	36.0	40.6	
9.9	24.4	24.0	22.6	24.2	28.9	32.7	23.5	33.0	29.0	25.8	32.6	24.4	19.1	31.3	31.7	13.0	29.6	25.2	17.8	17.3	26.7	20.7	27.4	17.3	11.6	23.2	12.9	19.1	10.8	21.7	21.9	21.0	5.7	20.9	16.6	8.2	8.0	7.3	26.1	0.0	3.7	4.2	2.3	5.0	4.7	6.9	17.8	10.3	8.7	10.2	8.8	11.4	11.4	9.7	10.1	10.3	12.3	13.7	12.9	14.2	14.7	14.6	16.6	15.8	16.0	17.6	18.8	20.2	21.0	31.6	
13.7	27.1	26.8	25.4	27.1	32.2	36.2	26.6	36.5	32.4	29.2	36.2	27.7	22.2	34.9	35.2	15.3	33.2	28.7	21.0	20.4	30.3	24.1	31.0	20.6	14.4	26.8	16.0	22.7	13.9	25.3	25.6	24.7	7.4	24.6	20.2	5.2	4.9	4.2	29.8	3.7	0.0	7.7	4.0	2.4	7.7	5.5	14.3	7.7	7.6	12.8	10.6	9.7	9.7	10.4	9.9	10.5	13.5	12.5	13.9	13.9	14.1	15.7	18.7	15.3	15.4	17.2	18.7	20.0	21.1	32.1	
6.9	23.8	23.4	22.0	23.2	27.0	30.5	22.1	30.7	26.9	23.9	30.2	22.6	18.1	28.8	29.1	13.5	27.1	23.0	16.6	16.1	24.2	18.7	24.8	15.8	11.6	20.8	11.9	16.9	10.1	19.0	19.1	18.2	8.2	18.0	13.9	12.5	12.2	11.6	22.6	4.2	7.7	0.0	4.1	8.1	1.7	8.5	20.9	12.6	9.7	6.5	6.4	12.5	12.6	8.3	9.8	9.6	10.1	14.1	10.8	13.5	14.3	12.3	13.2	15.2	15.6	16.8	17.6	19.0	19.6	29.3	
10.9	26.5	26.0	24.7	26.1	30.5	34.2	25.3	34.4	30.5	27.4	34.0	26.0	21.0	32.6	33.0	15.2	30.9	26.7	19.6	19.1	28.0	22.2	28.7	19.0	13.7	24.5	14.7	20.6	12.7	22.9	23.0	22.2	8.1	21.9	17.8	9.2	8.9	8.2	26.8	2.3	4.0	4.1	0.0	4.0	3.7	4.9	16.7	8.7	6.5	8.8	6.9	9.3	9.3	7.3	7.7	8.0	10.1	11.5	10.7	11.9	12.3	12.4	14.8	13.4	13.7	15.2	16.5	17.8	18.7	29.3	
14.7	29.2	28.9	27.5	29.1	33.9	37.8	28.5	38.1	34.1	30.9	37.6	29.4	24.1	36.3	36.7	17.5	34.6	30.2	22.8	22.2	31.7	25.7	32.4	22.4	16.4	28.2	17.9	24.2	15.7	26.7	26.8	26.0	9.6	25.8	21.5	6.7	6.4	5.8	30.7	5.0	2.4	8.1	4.0	0.0	7.6	3.1	12.9	5.4	5.2	12.1	9.4	7.2	7.3	8.6	7.7	8.4	11.8	10.1	12.1	11.7	11.7	13.9	17.4	12.9	13.0	14.9	16.4	17.7	18.8	30.0	
8.4	25.5	25.1	23.7	24.9	28.5	31.9	23.7	32.1	28.4	25.4	31.6	24.1	19.8	30.2	30.5	15.2	28.4	24.4	18.2	17.8	25.6	20.2	26.2	17.4	13.3	22.2	13.6	18.4	11.8	20.4	20.4	19.5	9.5	19.2	15.3	12.8	12.5	11.8	23.6	4.7	7.7	1.7	3.7	7.6	0.0	7.4	20.0	11.5	8.3	5.4	4.7	11.1	11.2	6.6	8.2	7.9	8.4	12.5	9.1	11.8	12.6	10.7	11.9	13.5	13.9	15.0	15.9	17.3	17.9	27.7	
15.5	31.3	30.9	29.5	31.0	35.3	39.0	30.2	39.2	35.4	32.3	38.7	30.9	25.9	37.4	37.7	19.9	35.7	31.5	24.5	24.0	32.8	27.1	33.4	23.9	18.5	29.3	19.6	25.4	17.6	27.6	27.7	26.8	12.3	26.5	22.5	9.8	9.5	8.9	31.1	6.9	5.5	8.5	4.9	3.1	7.4	0.0	12.7	4.1	2.1	10.6	7.4	4.5	4.5	5.9	4.6	5.4	9.2	7.0	9.4	8.5	8.5	11.1	15.1	9.7	9.8	11.7	13.3	14.5	15.6	26.9	
27.6	41.1	40.8	39.4	41.3	46.6	50.5	40.9	50.8	46.8	43.6	50.5	42.0	36.4	49.2	49.5	29.1	47.5	43.0	35.3	34.7	44.6	38.5	45.2	35.0	28.5	41.1	30.4	37.0	28.2	39.6	39.7	38.9	21.2	38.7	34.4	13.5	13.4	13.5	43.6	17.8	14.3	20.9	16.7	12.9	20.0	12.7	0.0	8.6	12.6	23.1	19.7	10.7	10.7	17.3	14.9	16.0	20.0	12.4	19.9	16.1	15.1	21.2	26.2	15.9	15.5	17.3	19.3	19.8	21.3	32.3	
19.5	34.7	34.3	32.9	34.6	39.2	42.9	33.9	43.2	39.3	36.1	42.7	34.7	29.5	41.4	41.7	23.0	39.7	35.4	28.2	27.6	36.8	30.9	37.4	27.7	21.9	33.3	23.3	29.3	21.1	31.6	31.7	30.8	15.1	30.6	26.5	10.1	9.9	9.5	35.2	10.3	7.7	12.6	8.7	5.4	11.5	4.1	8.6	0.0	4.1	14.5	11.1	3.3	3.3	8.9	6.7	7.8	11.9	6.3	11.9	9.2	8.7	13.4	18.0	9.9	9.7	11.7	13.6	14.6	16.0	27.4	
16.6	33.0	32.6	31.2	32.6	36.7	40.2	31.7	40.4	36.7	33.6	39.9	32.3	27.5	38.5	38.8	21.7	36.8	32.7	26.1	25.6	33.9	28.4	34.5	25.4	20.3	30.5	21.2	26.6	19.2	28.7	28.7	27.8	14.3	27.5	23.6	11.8	11.5	10.9	31.8	8.7	7.6	9.7	6.5	5.2	8.3	2.1	12.6	4.1	0.0	10.5	7.0	2.8	2.9	4.8	2.8	3.8	7.9	5.0	7.9	6.4	6.4	9.6	14.0	7.6	7.7	9.6	11.2	12.4	13.6	24.9	
10.0	28.1	27.6	26.3	27.1	29.4	32.3	25.5	32.3	29.1	26.4	31.6	25.4	22.2	30.1	30.4	19.2	28.4	25.1	20.5	20.2	25.7	21.4	26.2	19.3	17.1	22.7	16.5	19.3	15.2	20.5	20.4	19.5	14.7	19.0	15.9	18.0	17.7	17.1	22.2	10.2	12.8	6.5	8.8	12.1	5.4	10.6	23.1	14.5	10.5	0.0	3.5	12.8	12.9	6.2	8.7	7.9	5.5	13.0	6.3	10.8	11.9	7.1	6.7	12.3	12.9	13.3	13.5	14.9	15.0	23.4	
12.0	29.8	29.3	28.0	29.0	31.9	35.1	27.7	35.2	31.7	28.9	34.5	27.8	24.0	33.1	33.3	19.9	31.3	27.7	22.3	21.9	28.6	23.8	29.0	21.3	18.0	25.4	18.0	21.8	16.3	23.3	23.2	22.4	14.2	21.9	18.5	15.8	15.5	14.8	25.5	8.8	10.6	6.4	6.9	9.4	4.7	7.4	19.7	11.1	7.0	3.5	0.0	9.3	9.4	2.8	5.3	4.5	3.7	9.6	4.4	7.8	8.8	5.9	8.0	9.5	10.0	10.8	11.4	12.8	13.3	23.0	
19.5	35.8	35.4	34.0	35.5	39.5	43.1	34.5	43.3	39.5	36.5	42.7	35.1	30.3	41.3	41.6	24.4	39.6	35.6	28.9	28.4	36.7	31.3	37.3	28.2	23.0	33.4	24.0	29.5	22.0	31.5	31.6	30.7	16.8	30.4	26.5	13.1	12.8	12.3	34.5	11.4	9.7	12.5	9.3	7.2	11.1	4.5	10.7	3.3	2.8	12.8	9.3	0.0	0.0	6.7	4.2	5.2	9.3	3.0	9.1	5.9	5.4	10.5	15.4	6.5	6.4	8.4	10.3	11.3	12.7	24.1	
19.6	35.8	35.4	34.1	35.5	39.6	43.2	34.6	43.4	39.6	36.6	42.8	35.2	30.4	41.4	41.7	24.4	39.7	35.6	29.0	28.5	36.8	31.3	37.4	28.3	23.1	33.4	24.1	29.5	22.1	31.6	31.6	30.7	16.8	30.4	26.5	13.1	12.8	12.3	34.6	11.4	9.7	12.6	9.3	7.3	11.2	4.5	10.7	3.3	2.9	12.9	9.4	0.0	0.0	6.7	4.3	5.3	9.3	3.0	9.1	5.9	5.4	10.5	15.4	6.5	6.4	8.4	10.3	11.3	12.6	24.1	
14.6	32.2	31.7	30.4	31.5	34.7	37.9	30.2	38.0	34.5	31.6	37.3	30.4	26.4	35.9	36.2	21.8	34.2	30.5	24.8	24.4	31.4	26.5	31.9	23.8	20.0	28.1	20.3	24.5	18.5	26.1	26.1	25.2	15.3	24.8	21.2	15.4	15.0	14.4	28.4	9.7	10.4	8.3	7.3	8.6	6.6	5.9	17.3	8.9	4.8	6.2	2.8	6.7	6.7	0.0	2.5	1.6	3.2	6.7	3.5	5.2	6.1	5.3	9.2	6.9	7.3	8.4	9.3	10.7	11.4	21.9	
16.5	33.6	33.2	31.8	33.1	36.6	40.0	32.0	40.1	36.5	33.6	39.5	32.3	28.0	38.0	38.3	22.8	36.3	32.5	26.4	26.0	33.5	28.4	34.0	25.6	21.2	30.2	21.7	26.5	19.8	28.2	28.2	27.3	15.8	27.0	23.3	14.5	14.1	13.5	30.8	10.1	9.9	9.8	7.7	7.7	8.2	4.6	14.9	6.7	2.8	8.7	5.3	4.2	4.3	2.5	0.0	1.0	5.2	4.4	5.1	4.1	4.6	6.7	11.3	5.6	5.9	7.4	8.8	10.1	11.1	22.2	
16.0	33.4	33.0	31.7	32.8	36.2	39.4	31.6	39.5	36.0	33.1	38.9	31.9	27.7	37.5	37.7	22.8	35.7	32.0	26.2	25.7	32.9	28.0	33.5	25.3	21.1	29.7	21.5	26.0	19.7	27.7	27.6	26.8	16.1	26.4	22.8	15.2	14.9	14.3	30.0	10.3	10.5	9.6	8.0	8.4	7.9	5.4	16.0	7.8	3.8	7.9	4.5	5.2	5.3	1.6	1.0	0.0	4.1	5.1	4.1	3.9	4.6	5.7	10.2	5.6	6.0	7.3	8.4	9.8	10.7	21.6	
15.3	33.3	32.8	31.5	32.4	34.9	37.9	31.0	37.9	34.7	32.0	37.1	30.9	27.4	35.7	35.9	23.6	34.0	30.7	25.8	25.4	31.3	26.9	31.8	24.7	21.6	28.2	21.5	24.8	19.9	26.1	26.0	25.1	17.8	24.6	21.5	18.6	18.2	17.6	27.6	12.3	13.5	10.1	10.1	11.8	8.4	9.2	20.0	11.9	7.9	5.5	3.7	9.3	9.3	3.2	5.2	4.1	0.0	8.3	0.7	5.4	6.6	2.2	6.1	6.9	7.5	7.8	8.0	9.3	9.7	19.3	
20.9	37.8	37.4	36.0	37.4	41.1	44.4	36.3	44.6	41.0	38.0	43.9	36.7	32.2	42.5	42.8	26.7	40.8	37.0	30.7	30.3	38.0	32.8	38.5	29.9	25.2	34.7	26.0	30.9	24.0	32.7	32.7	31.8	19.3	31.4	27.7	16.1	15.8	15.3	35.2	13.7	12.5	14.1	11.5	10.1	12.5	7.0	12.4	6.3	5.0	13.0	9.6	3.0	3.0	6.7	4.4	5.1	8.3	0.0	7.9	3.6	2.7	8.9	14.1	3.7	3.4	5.4	7.4	8.3	9.7	21.2	
16.1	34.1	33.6	32.3	33.2	35.7	38.7	31.8	38.7	35.5	32.8	37.9	31.7	28.2	36.5	36.7	24.3	34.8	31.4	26.6	26.2	32.1	27.7	32.5	25.5	22.4	29.0	22.3	25.6	20.7	26.9	26.7	25.9	18.4	25.4	22.3	18.9	18.6	18.0	28.3	12.9	13.9	10.8	10.7	12.1	9.1	9.4	19.9	11.9	7.9	6.3	4.4	9.1	9.1	3.5	5.1	4.1	0.7	7.9	0.0	4.8	6.0	1.7	6.3	6.2	6.8	7.0	7.2	8.5	8.9	18.6	
19.8	37.4	36.9	35.6	36.7	39.8	42.9	35.4	43.0	39.6	36.8	42.3	35.6	31.6	40.9	41.1	26.8	39.2	35.6	30.0	29.6	36.4	31.7	36.9	29.1	25.1	33.2	25.5	29.6	23.6	31.2	31.1	30.2	20.0	29.7	26.4	18.3	17.9	17.4	33.0	14.2	13.9	13.5	11.9	11.7	11.8	8.5	16.1	9.2	6.4	10.8	7.8	5.9	5.9	5.2	4.1	3.9	5.4	3.6	4.8	0.0	1.1	5.5	10.7	1.6	2.1	3.3	4.7	6.0	7.1	18.4	
20.7	38.1	37.7	36.3	37.5	40.8	43.9	36.3	44.0	40.6	37.7	43.3	36.6	32.4	41.9	42.2	27.4	40.2	36.6	30.9	30.4	37.4	32.6	37.9	29.9	25.8	34.2	26.2	30.6	24.4	32.2	32.1	31.2	20.4	30.8	27.3	18.2	17.8	17.3	34.1	14.7	14.1	14.3	12.3	11.7	12.6	8.5	15.1	8.7	6.4	11.9	8.8	5.4	5.4	6.1	4.6	4.6	6.6	2.7	6.0	1.1	0.0	6.7	11.9	1.1	1.3	3.1	4.9	5.9	7.2	18.7	
17.1	35.2	34.7	33.5	34.3	36.5	39.3	32.7	39.2	36.2	33.6	38.4	32.6	29.3	37.0	37.2	25.8	35.3	32.1	27.6	27.3	32.7	28.6	33.1	26.5	23.8	29.7	23.5	26.5	22.0	27.5	27.3	26.5	20.1	26.0	23.1	20.7	20.4	19.7	28.5	14.6	15.7	12.3	12.4	13.9	10.7	11.1	21.2	13.4	9.6	7.1	5.9	10.5	10.5	5.3	6.7	5.7	2.2	8.9	1.7	5.5	6.7	0.0	5.2	6.5	7.2	6.8	6.5	7.8	7.9	17.0	
15.9	33.7	33.2	32.1	32.5	33.7	36.1	30.7	36.0	33.3	31.0	35.1	30.2	27.8	33.6	33.8	25.7	32.0	29.3	26.1	25.9	29.6	26.3	29.9	24.8	23.5	26.9	22.7	24.1	21.5	24.6	24.3	23.5	21.4	22.9	20.7	23.9	23.6	22.9	24.6	16.6	18.7	13.2	14.8	17.4	11.9	15.1	26.2	18.0	14.0	6.7	8.0	15.4	15.4	9.2	11.3	10.2	6.1	14.1	6.3	10.7	11.9	5.2	0.0	11.7	12.4	11.7	10.9	11.9	11.4	17.4	
21.4	39.0	38.6	37.3	38.4	41.5	44.6	37.1	44.6	41.3	38.5	43.9	37.3	33.3	42.5	42.7	28.4	40.8	37.2	31.7	31.3	38.0	33.3	38.5	30.7	26.7	34.9	27.1	31.3	25.3	32.8	32.7	31.8	21.5	31.4	28.0	19.4	19.0	18.5	34.5	15.8	15.3	15.2	13.4	12.9	13.5	9.7	15.9	9.9	7.6	12.3	9.5	6.5	6.5	6.9	5.6	5.6	6.9	3.7	6.2	1.6	1.1	6.5	11.7	0.0	0.6	1.9	3.7	4.8	6.1	17.5	
21.9	39.5	39.0	37.7	38.8	42.0	45.1	37.6	45.2	41.8	39.0	44.5	37.8	33.7	43.0	43.3	28.8	41.3	37.8	32.1	31.7	38.6	33.8	39.0	31.2	27.1	35.4	27.6	31.8	25.7	33.3	33.2	32.4	21.7	31.9	28.5	19.4	19.0	18.5	35.1	16.0	15.4	15.6	13.7	13.0	13.9	9.8	15.5	9.7	7.7	12.9	10.0	6.4	6.4	7.3	5.9	6.0	7.5	3.4	6.8	2.1	1.3	7.2	12.4	0.6	0.0	2.0	3.9	4.8	6.2	17.7	
22.8	40.6	40.1	38.8	39.8	42.7	45.7	38.5	45.7	42.5	39.7	45.0	38.6	34.8	43.5	43.8	30.1	41.8	38.4	33.2	32.7	39.1	34.6	39.6	32.2	28.4	36.0	28.7	32.6	26.9	33.9	33.8	32.9	23.3	32.4	29.2	21.3	21.0	20.5	35.3	17.6	17.2	16.8	15.2	14.9	15.0	11.7	17.3	11.7	9.6	13.3	10.8	8.4	8.4	8.4	7.4	7.3	7.8	5.4	7.0	3.3	3.1	6.8	11.7	1.9	2.0	0.0	1.9	2.8	4.2	15.7	
23.3	41.2	40.7	39.5	40.4	42.9	45.8	39.0	45.8	42.7	40.0	45.0	38.9	35.4	43.5	43.8	31.1	41.8	38.6	33.7	33.4	39.2	35.0	39.6	32.7	29.3	36.2	29.4	32.9	27.7	34.0	33.9	33.0	24.6	32.5	29.5	23.0	22.7	22.1	35.1	18.8	18.7	17.6	16.5	16.4	15.9	13.3	19.3	13.6	11.2	13.5	11.4	10.3	10.3	9.3	8.8	8.4	8.0	7.4	7.2	4.7	4.9	6.5	10.9	3.7	3.9	1.9	0.0	1.3	2.3	13.8	
24.7	42.6	42.1	40.8	41.8	44.3	47.1	40.4	47.1	44.0	41.3	46.3	40.3	36.8	44.8	45.0	32.5	43.1	39.9	35.1	34.7	40.5	36.3	40.9	34.0	30.7	37.5	30.8	34.2	29.1	35.4	35.2	34.3	25.9	33.8	30.8	24.2	23.8	23.3	36.3	20.2	20.0	19.0	17.8	17.7	17.3	14.5	19.8	14.6	12.4	14.9	12.8	11.3	11.3	10.7	10.1	9.8	9.3	8.3	8.5	6.0	5.9	7.8	11.9	4.8	4.8	2.8	1.3	0.0	1.5	12.8	
25.0	43.0	42.5	41.2	42.1	44.4	47.1	40.6	47.0	44.0	41.4	46.2	40.5	37.1	44.7	44.9	33.2	43.0	40.0	35.5	35.1	40.5	36.5	40.8	34.3	31.3	37.6	31.2	34.4	29.6	35.4	35.1	34.3	26.8	33.8	31.0	25.4	25.1	24.5	36.0	21.0	21.1	19.6	18.7	18.8	17.9	15.6	21.3	16.0	13.6	15.0	13.3	12.7	12.6	11.4	11.1	10.7	9.7	9.7	8.9	7.1	7.2	7.9	11.4	6.1	6.2	4.2	2.3	1.5	0.0	11.4	
33.3	51.2	50.7	49.5	50.0	50.8	52.8	48.1	52.6	50.3	48.2	51.5	47.5	45.3	50.1	50.2	42.6	48.6	46.4	43.6	43.3	46.4	43.7	46.6	42.3	40.6	44.0	40.0	41.5	38.7	41.7	41.3	40.6	37.1	39.9	38.1	36.7	36.4	35.8	40.6	31.6	32.1	29.3	29.3	30.0	27.7	26.9	32.3	27.4	24.9	23.4	23.0	24.1	24.1	21.9	22.2	21.6	19.3	21.2	18.6	18.4	18.7	17.0	17.4	17.5	17.7	15.7	13.8	12.8	11.4	0.0	
